  0.000000000000000e+00
 -2.343999999999999e-01
  0.000000000000000e+00
  0.000000000000000e+00
  0.000000000000000e+00
  1.000000000000000e+00
  0.000000000000000e+00
  0.000000000000000e+00
  0.000000000000000e+00
  0.000000000000000e+00
  0.000000000000000e+00
  0.000000000000000e+00
  0.000000000000000e+00
  0.000000000000000e+00
  7.464000000000002e-01
  0.000000000000000e+00
  0.000000000000000e+00
  0.000000000000000e+00
  2.430000000000000e-02
  0.000000000000000e+00
  1.000000000000000e+00
  0.000000000000000e+00
  0.000000000000000e+00
  0.000000000000000e+00
  0.000000000000000e+00
  0.000000000000000e+00
  0.000000000000000e+00
  0.000000000000000e+00
  0.000000000000000e+00
  7.318000000000001e-01
  0.000000000000000e+00
  0.000000000000000e+00
 -3.941000000000000e-01
  0.000000000000000e+00
  0.000000000000000e+00
  1.000000000000000e+00
  0.000000000000000e+00
  0.000000000000000e+00
  0.000000000000000e+00
  0.000000000000000e+00
  0.000000000000000e+00
  0.000000000000000e+00
  0.000000000000000e+00
  8.610700000000000e+00
  0.000000000000000e+00
  0.000000000000000e+00
  0.000000000000000e+00
  0.000000000000000e+00
  0.000000000000000e+00
  0.000000000000000e+00
  0.000000000000000e+00
  0.000000000000000e+00
  1.000000000000000e+00
  0.000000000000000e+00
  0.000000000000000e+00
  0.000000000000000e+00
  0.000000000000000e+00
  0.000000000000000e+00
  6.159000000000000e-01
  0.000000000000000e+00
  1.308000000000000e-01
  0.000000000000000e+00
  0.000000000000000e+00
  0.000000000000000e+00
  9.999999999999998e-01
  0.000000000000000e+00
  0.000000000000000e+00
  0.000000000000000e+00
  0.000000000000000e+00
 -6.088000000000001e-01
  0.000000000000000e+00
  0.000000000000000e+00
  5.000000000000001e-02
  5.330000000000001e-01
 -8.220000000000001e-02
  0.000000000000000e+00
  0.000000000000000e+00
  0.000000000000000e+00
  0.000000000000000e+00
  0.000000000000000e+00
  0.000000000000000e+00
  1.000000000000000e+00
  0.000000000000000e+00
  0.000000000000000e+00
  0.000000000000000e+00
  0.000000000000000e+00
  5.000000000000000e-02
  5.330000000000001e-01
 -8.220000000000001e-02
  0.000000000000000e+00
  0.000000000000000e+00
  0.000000000000000e+00
  0.000000000000000e+00
  1.000000000000000e+00
  0.000000000000000e+00
  0.000000000000000e+00
  0.000000000000000e+00
  0.000000000000000e+00
  0.000000000000000e+00
  0.000000000000000e+00
  0.000000000000000e+00
  0.000000000000000e+00
  1.000000000000000e+00
  0.000000000000000e+00
  0.000000000000000e+00
  0.000000000000000e+00
  0.000000000000000e+00
  0.000000000000000e+00
  0.000000000000000e+00
  0.000000000000000e+00
  1.000000000000000e+00
  0.000000000000000e+00
  8.122000000000000e-01
  2.863200000000002e+00
  5.232000000000000e-01
  8.999999999999999e-04
  1.100000000000000e-02
  4.725000000000002e-02
  9.450000000000004e-02
  1.000000000000000e+00
