  6.951017491261638e-01
 -1.951772077291025e-17
  2.184504250703044e-01
 -5.204725539442731e-17
 -1.020648095120809e-02
  3.565132833246969e-04
  1.020648095120809e-02
  8.609131252020696e-02
  3.168636908412736e-17
  6.951017491261641e-01
 -2.220446049250313e-16
  2.184504250703044e-01
 -5.945244296867713e-17
 -1.020648095120808e-02
  3.565132833246969e-04
  1.020648095120810e-02
  8.609131252020695e-02
  3.619464727933065e-17
  6.857761308252615e-01
  1.718070130607431e-17
  2.257679613259312e-01
  1.187383524836605e-16
 -1.054837222644291e-02
 -5.192457097419841e-04
  1.054837222644271e-02
  8.897515355854946e-02
 -7.228790899205255e-17
  1.120045805801767e+01
  7.169848048604876e-16
 -8.024791276249449e+00
  1.911959479627967e-15
  3.749357744307489e-01
  9.869034602016895e-01
 -3.749357744307489e-01
 -3.162570241969907e+00
 -1.164000931197506e-15
  6.857761308252615e-01
 -3.676225990290050e-17
  2.257679613259314e-01
  2.220446049250313e-16
  4.517493274198996e-02
 -5.192457097419839e-04
 -4.517493274198987e-02
  8.897515355854953e-02
 -1.110223024625157e-16
  6.857761308252618e-01
 -7.731844678393609e-17
  2.257679613259315e-01
  1.851629960469836e-16
 -9.548250672580102e-01
 -5.192457097419841e-04
  9.548250672580101e-01
  8.897515355854954e-02
 -1.124052673162623e-16
  6.857761308252618e-01
 -7.731844678393609e-17
  2.257679613259315e-01
  1.851629960469836e-16
  4.517493274198980e-02
 -5.192457097419841e-04
 -4.517493274198989e-02
  8.897515355854954e-02
 -1.193441612201695e-16
  6.752610272426147e-01
  1.110223024625157e-16
  2.340188514240430e-01
  1.110223024625156e-16
  1.076202615928407e-01
 -1.506708012873028e-03
 -1.076202615928401e-01
  9.222682934621529e-02
 -6.759037773917954e-17

