 -2.337485286557793e-03
  2.710242127626119e+00
  3.365028027941500e+00
 -3.915582982544403e-03
 -5.662960537604742e+00
  2.287747264241217e-03
 -1.351121063470979e-02
  9.852344009953744e-01
  4.973802231657492e-05
  1.401517650738272e-03
 -1.137402936531216e-16
 -1.309908700276933e-18
 -3.255746508021966e-16
 -1.607004654541397e-16
  1.904912585104797e-03
 -4.260338745233435e-02
 -1.698267137673015e-04
  9.127021036550126e-02
 -1.904912585104796e-03
  4.260338745233434e-02
  1.698267137673015e-04
 -1.398842848351331e-01
  1.742679361725419e-02
  4.669799088438294e-01
 -3.343832636798825e-03
  3.877070855632629e+00
 -2.091374506953572e-16
  2.433545979872283e-19
  3.519546108944487e-16
 -7.479581371429195e-03
  4.417367291764619e-02
 -3.221134164319653e+00
 -1.436303326805444e-04
 -4.047214526382781e-03
  3.033074497416577e-16
  3.493089867405154e-18
  8.681990688058576e-16
  4.285345745443727e-16
 -4.828598267659151e-03
  1.079916445811271e-01
  4.304790583626311e-04
 -2.313529676405075e-01
  4.828598267659150e-03
 -1.079916445811271e-01
 -4.304790583626311e-04
  3.545805832294945e-01
 -4.417367291764619e-02
 -1.183707009185881e+00
 -2.493675931241569e-03
  2.891340364948686e+00
  2.091374506953572e-16
 -2.433545979872283e-19
 -3.519546108944487e-16
  2.543072941194820e-03
 -1.501913900411129e-02
  1.095192194115304e+00
 -4.939700995325052e-05
 -1.391908606710000e-03
 -2.217852439738959e+00
 -2.554226047283245e-02
 -6.348467288127084e+00
 -3.133541403204108e+00
 -5.599222628917121e-03
  1.252266654947376e-01
  4.991817399684997e-04
 -2.682759467392705e-01
  5.599222628917126e-03
 -1.252266654947377e-01
 -4.991817399685001e-04
  4.111701813527979e-01
  4.056139947694374e-02
  1.086910136559349e+00
 -3.341300116133558e-03
  3.874134475996119e+00
  3.017243429302809e-16
 -3.510897064711575e-19
 -5.077678500925120e-16
  3.450606562640502e-03
 -2.037894343228991e-02
  1.486027911803184e+00
 -1.093064465069414e-04
 -3.080036297862728e-03
  2.080536997878953e-01
  2.396084472123124e-03
  5.955410214002906e-01
  2.939532273174592e-01
 -1.071407972218541e-02
  2.396204913383740e-01
  9.551813371843151e-04
 -5.133444535791214e-01
 -1.973396200657095e-01
  4.413502414281837e+00
  1.759321631548965e-02
 -1.449132723379536e+01
 -5.655386925071914e-04
 -1.515454953303557e-02
 -1.735876771875972e-03
  2.012695601790936e+00
 -2.788499342604762e-16
  3.244727973163044e-19
  4.692728145259317e-16
  1.878161128944777e-03
 -1.109223515015931e-02
  8.088432598180552e-01
 -1.422843570688043e-04
 -4.009287634852791e-03
  1.516537248708289e-16
  1.746544933702577e-18
  4.340995344029288e-16
  2.142672872721863e-16
 -1.193429298695128e-02
  2.669105722060158e-01
  1.063965756202187e-03
 -5.718086173611194e-01
  1.193429298695134e-02
 -2.669105722060170e-01
 -1.063965756202192e-03
  8.763761930843622e-01
 -1.091790051037972e-01
 -2.925632963286589e+00

