  9.092884594911151e-01
 -1.339764201500536e+00
  2.850532783771438e-01
 -8.326672684688672e-17
 -1.717799210599424e-02
  5.266965273814461e-04
  1.717799210599425e-02
  1.448957671048954e-01
  5.069278330438466e-17
  1.300760455946400e+00
  8.326672684688674e-17
 -9.319557383545414e-01
  2.220446049250313e-16
  4.354300747102430e-02
 -1.520961106334032e-03
 -4.354300747102430e-02
 -3.672837564855247e-01
 -1.351807554783591e-16
  9.700470668321601e-01
 -8.326672684688674e-17
  3.168668542939869e-01
 -1.623640201331384e+00
  5.049229180978471e-02
 -5.230854061668969e-04
 -5.049229180978466e-02
  3.372493656114054e-01
  9.884721545705472e-01
  1.299775298166973e+00
 -1.201296007113939e-16
  4.299455313288715e-01
  1.523114635395298e-01
 -1.779555903087369e+00
 -1.157491253455539e-03
 -9.661670479255553e-02
 -4.702193901992188e-03
 -9.272721900286579e-02
  6.752610272426147e-01
  1.110223024625157e-16
  2.340188514240430e-01
  1.110223024625156e-16
  1.076202615928407e-01
 -1.506708012873028e-03
 -1.076202615928401e-01
 -9.077731706537847e-01
 -6.759037773917954e-17

