 -1.786880823443322e-03
  2.071833227183655e+00
  4.902181844299171e-17
 -5.704231776820630e-20
 -8.249816079365877e-17
  1.753213873463003e-03
 -1.035430893189626e-02
  7.550338481165264e-01
  3.366694998031959e-05
  9.486670849841236e-04
 -7.109526621944456e-17
 -8.187802649197679e-19
 -2.035058617280930e-16
 -1.004485042732009e-16
  1.131823433939305e-03
 -2.531324148981618e-02
 -1.009042912802007e-04
  5.422913561493495e-02
 -1.131823433939305e-03
  2.531324148981618e-02
  1.009042912802007e-04
 -8.311368870899351e-02
  1.035430893189626e-02
  2.774609229531703e-01
 -1.786880823443323e-03
  2.071833227183655e+00
  5.576998685209525e-16
 -6.489455946326088e-19
 -9.385456290518634e-16
  1.753213873463003e-03
 -1.035430893189626e-02
  7.550338481165264e-01
  3.366694998031959e-05
  9.486670849841236e-04
 -8.121056966832887e-17
 -9.352748119977302e-19
 -2.324603006727684e-16
 -1.147401323342558e-16
  1.131823433939305e-03
 -2.531324148981619e-02
 -1.009042912802007e-04
  5.422913561493496e-02
 -1.131823433939303e-03
  2.531324148981614e-02
  1.009042912802006e-04
 -8.311368870899338e-02
  1.035430893189626e-02
  2.774609229531703e-01
 -1.762907687813060e-03
  2.044037115486150e+00
 -4.315202732680873e-17
  5.021216538469814e-20
  7.261996804788797e-17
  1.811942100147865e-03
 -1.070115207027298e-02
  7.803255707398172e-01
 -4.903441233480662e-05
 -1.381691333511435e-03
  1.621936587493515e-16
  1.867929806594907e-18
  4.642694520439325e-16
  2.291588637376034e-16
  1.169736653884532e-03
 -2.616117100192197e-02
 -1.042843296095084e-04
  5.604567438269371e-02
 -1.169736653884554e-03
  2.616117100192247e-02
  1.042843296095104e-04
 -8.589778688720288e-02
  1.070115207027297e-02
  2.867551615090168e-01
 -2.879273968568364e-02
  3.338429401659587e+01
 -1.800819846702512e-15
  2.095453436888627e-18
  3.030575568028830e-15
 -6.440443131496537e-02
  3.803662453919759e-01
 -2.773621994870723e+01
  9.319717100064900e-02
  2.626109243446035e+00
  2.611689457490492e-15
  3.007794892126556e-17
  7.475801721766597e-15
  3.689982661029230e-15
 -4.157761110333265e-02
  9.298836539947110e-01
  3.706726027843108e-03
 -1.992110998462118e+00
  4.157761110333263e-02
 -9.298836539947108e-01
 -3.706726027843107e-03
  3.053187028014209e+00
 -3.803662453919759e-01
 -1.019254594399686e+01
 -1.762907687813060e-03
  2.044037115486150e+00
  9.233418448200019e-17
 -1.074410550113613e-19
 -1.553879607098991e-16
  1.811942100147867e-03
 -1.070115207027298e-02
  7.803255707398177e-01
 -4.903441233480660e-05
 -1.381691333511434e-03
  3.033074497416577e-16
  3.493089867405154e-18
  8.681990688058576e-16
  4.285345745443727e-16
 -5.009566739843283e-03
  1.120390061227557e-01
  4.466127545578451e-04
 -2.400237227475512e-01
  5.009566739843293e-03
 -1.120390061227560e-01
 -4.466127545578460e-04
  3.678697207506228e-01
  1.070115207027298e-02
  2.867551615090170e-01
 -1.762907687813060e-03
  2.044037115486151e+00
  1.941974119128188e-16
 -2.259702073878887e-19
 -3.268122199980630e-16
  1.811942100147868e-03
 -1.070115207027299e-02
  7.803255707398182e-01
 -4.903441233480662e-05
 -1.381691333511435e-03
  2.339713667307148e-16
  2.694569523716336e-18
  6.697287616768385e-16
  3.305715708035291e-16
  1.058830552471047e-01
 -2.368075502572817e+00
 -9.439683194317377e-03
  5.073182256294236e+00
 -1.058830552471047e-01
  2.368075502572817e+00
  9.439683194317379e-03
 -7.775357029616823e+00
  1.070115207027298e-02
  2.867551615090171e-01
 -1.762907687813060e-03
  2.044037115486151e+00
  1.941974119128188e-16
 -2.259702073878887e-19
 -3.268122199980630e-16
  1.811942100147868e-03
 -1.070115207027299e-02
  7.803255707398182e-01
 -4.903441233480662e-05
 -1.381691333511435e-03
  2.529280823395684e-16
  2.912887640429158e-18
  7.239912034772046e-16
  3.573549817125524e-16
 -5.009566739843285e-03
  1.120390061227558e-01
  4.466127545578453e-04
 -2.400237227475513e-01
  5.009566739843275e-03
 -1.120390061227556e-01
 -4.466127545578445e-04
  3.678697207506215e-01
  1.070115207027298e-02
  2.867551615090171e-01
 -1.735876771875972e-03
  2.012695601790936e+00
 -2.788499342604762e-16
  3.244727973163044e-19
  4.692728145259317e-16
  1.878161128944777e-03
 -1.109223515015931e-02
  8.088432598180552e-01
 -1.422843570688043e-04
 -4.009287634852791e-03
  1.516537248708289e-16
  1.746544933702577e-18
  4.340995344029288e-16
  2.142672872721863e-16
 -1.193429298695128e-02
  2.669105722060158e-01
  1.063965756202187e-03
 -5.718086173611194e-01
  1.193429298695134e-02
 -2.669105722060170e-01
 -1.063965756202192e-03
  8.763761930843622e-01
  1.109223515015930e-02
  2.972348828511496e-01

