  0.000000000000000e+00
  0.000000000000000e+00
  0.000000000000000e+00
  0.000000000000000e+00
  0.000000000000000e+00
  4.186130183730014e-01
  0.000000000000000e+00
  0.000000000000000e+00
  0.000000000000000e+00
  0.000000000000000e+00
  0.000000000000000e+00
  0.000000000000000e+00
  0.000000000000000e+00
  9.999999999999998e-01
  0.000000000000000e+00
  0.000000000000000e+00
  0.000000000000000e+00
  0.000000000000000e+00
  0.000000000000000e+00
  0.000000000000000e+00
  0.000000000000000e+00
  0.000000000000000e+00
  0.000000000000000e+00
  0.000000000000000e+00
  0.000000000000000e+00
  0.000000000000000e+00
  0.000000000000000e+00
  0.000000000000000e+00
  0.000000000000000e+00
  0.000000000000000e+00
  0.000000000000000e+00
  0.000000000000000e+00
  0.000000000000000e+00
  0.000000000000000e+00
  0.000000000000000e+00
  0.000000000000000e+00
  0.000000000000000e+00
  0.000000000000000e+00
  0.000000000000000e+00
  0.000000000000000e+00
  0.000000000000000e+00
  0.000000000000000e+00
  0.000000000000000e+00
  0.000000000000000e+00
  0.000000000000000e+00
  4.274904276669109e-01
  0.000000000000000e+00
 -3.675626502787329e-01
  0.000000000000000e+00
  0.000000000000000e+00
  0.000000000000000e+00
  0.000000000000000e+00
  0.000000000000000e+00
  0.000000000000000e+00
  0.000000000000000e+00
  0.000000000000000e+00
  0.000000000000000e+00
  9.835862628531942e-01
 -9.646174813057966e-01
  0.000000000000000e+00
  0.000000000000000e+00
  0.000000000000000e+00
  9.999999999999998e-01
  0.000000000000000e+00
  0.000000000000000e+00
  0.000000000000000e+00
  0.000000000000000e+00
  0.000000000000000e+00
  0.000000000000000e+00
  0.000000000000000e+00
  0.000000000000000e+00
  0.000000000000000e+00
  0.000000000000000e+00
  0.000000000000000e+00
  0.000000000000000e+00
  0.000000000000000e+00
  0.000000000000000e+00
  0.000000000000000e+00
  0.000000000000000e+00
  0.000000000000000e+00
  0.000000000000000e+00
  0.000000000000000e+00
  0.000000000000000e+00
  0.000000000000000e+00
  0.000000000000000e+00
  0.000000000000000e+00
  0.000000000000000e+00
  0.000000000000000e+00
  0.000000000000000e+00
  0.000000000000000e+00
  0.000000000000000e+00
  0.000000000000000e+00
  0.000000000000000e+00
  9.680007556247728e-01
  9.646238179662763e-01
 -9.676927235181227e-01
  0.000000000000000e+00
  0.000000000000000e+00
  0.000000000000000e+00
  0.000000000000000e+00
  0.000000000000000e+00
  0.000000000000000e+00
  0.000000000000000e+00
  0.000000000000000e+00
  0.000000000000000e+00
  0.000000000000000e+00
  1.198696489467750e-01
 -9.433866521587373e-03
  0.000000000000000e+00
  0.000000000000000e+00
  0.000000000000000e+00
  1.000000000000000e+00
  0.000000000000000e+00
  0.000000000000000e+00
  0.000000000000000e+00
  0.000000000000000e+00
  0.000000000000000e+00
  0.000000000000000e+00
  0.000000000000000e+00
  0.000000000000000e+00
  0.000000000000000e+00
  0.000000000000000e+00
  0.000000000000000e+00
  0.000000000000000e+00
  0.000000000000000e+00
  0.000000000000000e+00
  0.000000000000000e+00
  0.000000000000000e+00
  0.000000000000000e+00
  0.000000000000000e+00
  0.000000000000000e+00
  0.000000000000000e+00
  0.000000000000000e+00
  0.000000000000000e+00
  0.000000000000000e+00
  0.000000000000000e+00
  0.000000000000000e+00
  0.000000000000000e+00
  0.000000000000000e+00
  0.000000000000000e+00
  0.000000000000000e+00
  0.000000000000000e+00
  0.000000000000000e+00
  0.000000000000000e+00
  0.000000000000000e+00
  0.000000000000000e+00
  0.000000000000000e+00
  0.000000000000000e+00
  0.000000000000000e+00
  0.000000000000000e+00
  0.000000000000000e+00
  0.000000000000000e+00
  0.000000000000000e+00
  0.000000000000000e+00
  0.000000000000000e+00
  1.975521672289621e+00
 -1.358264129064197e+00
  0.000000000000000e+00
  0.000000000000000e+00
  0.000000000000000e+00
  1.000000000000000e+00
  0.000000000000000e+00
  0.000000000000000e+00
  0.000000000000000e+00
  0.000000000000000e+00
  0.000000000000000e+00
  0.000000000000000e+00
  0.000000000000000e+00
  0.000000000000000e+00
  0.000000000000000e+00
  0.000000000000000e+00
  0.000000000000000e+00
  0.000000000000000e+00
  0.000000000000000e+00
  0.000000000000000e+00
  0.000000000000000e+00
  0.000000000000000e+00
  0.000000000000000e+00
  0.000000000000000e+00
  0.000000000000000e+00
  0.000000000000000e+00
  0.000000000000000e+00
  0.000000000000000e+00
  0.000000000000000e+00
  0.000000000000000e+00
  0.000000000000000e+00
  0.000000000000000e+00
  0.000000000000000e+00
  0.000000000000000e+00
  0.000000000000000e+00
  0.000000000000000e+00
  0.000000000000000e+00
 -3.185882200673488e-02
  0.000000000000000e+00
  0.000000000000000e+00
  0.000000000000000e+00
  0.000000000000000e+00
  0.000000000000000e+00
  0.000000000000000e+00
  0.000000000000000e+00
  0.000000000000000e+00
  0.000000000000000e+00
  0.000000000000000e+00
  0.000000000000000e+00
  8.668100826886379e-01
  0.000000000000000e+00
  0.000000000000000e+00
  0.000000000000000e+00
  0.000000000000000e+00
  9.999999999999999e-01
  0.000000000000000e+00
  0.000000000000000e+00
  0.000000000000000e+00
  0.000000000000000e+00
  0.000000000000000e+00
  0.000000000000000e+00
  0.000000000000000e+00
  0.000000000000000e+00
  0.000000000000000e+00
  0.000000000000000e+00
  0.000000000000000e+00
  0.000000000000000e+00
  0.000000000000000e+00
  0.000000000000000e+00
  0.000000000000000e+00
  0.000000000000000e+00
  0.000000000000000e+00
  0.000000000000000e+00
  0.000000000000000e+00
  0.000000000000000e+00
  0.000000000000000e+00
  0.000000000000000e+00
  0.000000000000000e+00
  0.000000000000000e+00
  0.000000000000000e+00
  0.000000000000000e+00
  0.000000000000000e+00
  7.417268427734612e-01
  0.000000000000000e+00
 -2.243011622717405e-01
  0.000000000000000e+00
  0.000000000000000e+00
  0.000000000000000e+00
  0.000000000000000e+00
  0.000000000000000e+00
  0.000000000000000e+00
  5.131173163363577e-02
  0.000000000000000e+00
  0.000000000000000e+00
  0.000000000000000e+00
  0.000000000000000e+00
  0.000000000000000e+00
  6.270801268789936e-01
  0.000000000000000e+00
  0.000000000000000e+00
  0.000000000000000e+00
  0.000000000000000e+00
  0.000000000000000e+00
  1.000000000000000e+00
  0.000000000000000e+00
  0.000000000000000e+00
  0.000000000000000e+00
  0.000000000000000e+00
  0.000000000000000e+00
  0.000000000000000e+00
  0.000000000000000e+00
  0.000000000000000e+00
  0.000000000000000e+00
  0.000000000000000e+00
  0.000000000000000e+00
  0.000000000000000e+00
  0.000000000000000e+00
  0.000000000000000e+00
  0.000000000000000e+00
  0.000000000000000e+00
  0.000000000000000e+00
  0.000000000000000e+00
  0.000000000000000e+00
  0.000000000000000e+00
  0.000000000000000e+00
  0.000000000000000e+00
  0.000000000000000e+00
  0.000000000000000e+00
  0.000000000000000e+00
  0.000000000000000e+00
  0.000000000000000e+00
  0.000000000000000e+00
  0.000000000000000e+00
  0.000000000000000e+00
  0.000000000000000e+00
  0.000000000000000e+00
  0.000000000000000e+00
  0.000000000000000e+00
  0.000000000000000e+00
  0.000000000000000e+00
  1.000000000000000e+00
  0.000000000000000e+00
  0.000000000000000e+00
  0.000000000000000e+00
  0.000000000000000e+00
  0.000000000000000e+00
  0.000000000000000e+00
  0.000000000000000e+00
  0.000000000000000e+00
  0.000000000000000e+00
  0.000000000000000e+00
  0.000000000000000e+00
  9.999999999999999e-01
  0.000000000000000e+00
  0.000000000000000e+00
  0.000000000000000e+00
  0.000000000000000e+00
  0.000000000000000e+00
  0.000000000000000e+00
  0.000000000000000e+00
  0.000000000000000e+00
  0.000000000000000e+00
  0.000000000000000e+00
  0.000000000000000e+00
  0.000000000000000e+00
  0.000000000000000e+00
  0.000000000000000e+00
  0.000000000000000e+00
  0.000000000000000e+00
  0.000000000000000e+00
  0.000000000000000e+00
  0.000000000000000e+00
  0.000000000000000e+00
  0.000000000000000e+00
  0.000000000000000e+00
  0.000000000000000e+00
  0.000000000000000e+00
  0.000000000000000e+00
  0.000000000000000e+00
  0.000000000000000e+00
  0.000000000000000e+00
  0.000000000000000e+00
  0.000000000000000e+00
 -9.485556992578096e-01
  0.000000000000000e+00
  3.641343523931060e-01
  0.000000000000000e+00
  0.000000000000000e+00
  0.000000000000000e+00
  0.000000000000000e+00
  0.000000000000000e+00
  0.000000000000000e+00
  0.000000000000000e+00
  0.000000000000000e+00
  0.000000000000000e+00
  0.000000000000000e+00
  0.000000000000000e+00
  0.000000000000000e+00
  0.000000000000000e+00
  0.000000000000000e+00
  0.000000000000000e+00
  9.999999999999999e-01
  0.000000000000000e+00
  0.000000000000000e+00
  0.000000000000000e+00
  0.000000000000000e+00
  0.000000000000000e+00
  0.000000000000000e+00
  0.000000000000000e+00
  0.000000000000000e+00
  0.000000000000000e+00
  0.000000000000000e+00
  0.000000000000000e+00
  0.000000000000000e+00
  0.000000000000000e+00
  0.000000000000000e+00
  0.000000000000000e+00
  0.000000000000000e+00
  0.000000000000000e+00
  0.000000000000000e+00
  0.000000000000000e+00
  0.000000000000000e+00
  0.000000000000000e+00
  0.000000000000000e+00
  0.000000000000000e+00
  0.000000000000000e+00
  9.887863619319057e-01
  9.491533558621905e-01
 -9.796554971427506e-01
  0.000000000000000e+00
  9.999999999999997e-01
  0.000000000000000e+00
  0.000000000000000e+00
  0.000000000000000e+00
  0.000000000000000e+00
  0.000000000000000e+00
  0.000000000000000e+00
  0.000000000000000e+00
  0.000000000000000e+00
  0.000000000000000e+00
  0.000000000000000e+00
  0.000000000000000e+00
  0.000000000000000e+00
  0.000000000000000e+00
  0.000000000000000e+00
  0.000000000000000e+00
  0.000000000000000e+00
  0.000000000000000e+00
  0.000000000000000e+00
  0.000000000000000e+00
  9.999999999999999e-01
  0.000000000000000e+00
  0.000000000000000e+00
  0.000000000000000e+00
  0.000000000000000e+00
  0.000000000000000e+00
  0.000000000000000e+00
  0.000000000000000e+00
  0.000000000000000e+00
  0.000000000000000e+00
  0.000000000000000e+00
  0.000000000000000e+00
  0.000000000000000e+00
  0.000000000000000e+00
  0.000000000000000e+00
  0.000000000000000e+00
  0.000000000000000e+00
  0.000000000000000e+00
  0.000000000000000e+00
  0.000000000000000e+00
  0.000000000000000e+00
  0.000000000000000e+00
  0.000000000000000e+00
  0.000000000000000e+00
  0.000000000000000e+00
  0.000000000000000e+00
  0.000000000000000e+00
  0.000000000000000e+00
  0.000000000000000e+00
  0.000000000000000e+00
  0.000000000000000e+00
  0.000000000000000e+00
  0.000000000000000e+00
  1.000000000000000e+00
  0.000000000000000e+00
  0.000000000000000e+00
  0.000000000000000e+00
  0.000000000000000e+00
  0.000000000000000e+00
  0.000000000000000e+00
  0.000000000000000e+00
  0.000000000000000e+00
  0.000000000000000e+00
  0.000000000000000e+00
  0.000000000000000e+00
  0.000000000000000e+00
  0.000000000000000e+00
  0.000000000000000e+00
  0.000000000000000e+00
  1.000000000000000e+00
  0.000000000000000e+00
  0.000000000000000e+00
  0.000000000000000e+00
  0.000000000000000e+00
  0.000000000000000e+00
  0.000000000000000e+00
  0.000000000000000e+00
  0.000000000000000e+00
  0.000000000000000e+00
  0.000000000000000e+00
  0.000000000000000e+00
  0.000000000000000e+00
  0.000000000000000e+00
  0.000000000000000e+00
  0.000000000000000e+00
  0.000000000000000e+00
  0.000000000000000e+00
  0.000000000000000e+00
  0.000000000000000e+00
  0.000000000000000e+00
  0.000000000000000e+00
  0.000000000000000e+00
  0.000000000000000e+00
  0.000000000000000e+00
  0.000000000000000e+00
  0.000000000000000e+00
  6.790068559384163e-01
  7.819756420467015e-02
  0.000000000000000e+00
  0.000000000000000e+00
  0.000000000000000e+00
  0.000000000000000e+00
  0.000000000000000e+00
  0.000000000000000e+00
  0.000000000000000e+00
  0.000000000000000e+00
  0.000000000000000e+00
  0.000000000000000e+00
  0.000000000000000e+00
  0.000000000000000e+00
  0.000000000000000e+00
  0.000000000000000e+00
  0.000000000000000e+00
  0.000000000000000e+00
  0.000000000000000e+00
  0.000000000000000e+00
  0.000000000000000e+00
  0.000000000000000e+00
  1.000000000000000e+00
  0.000000000000000e+00
  0.000000000000000e+00
  0.000000000000000e+00
  0.000000000000000e+00
  0.000000000000000e+00
  0.000000000000000e+00
  0.000000000000000e+00
  0.000000000000000e+00
  0.000000000000000e+00
  0.000000000000000e+00
  0.000000000000000e+00
  0.000000000000000e+00
  0.000000000000000e+00
  0.000000000000000e+00
  0.000000000000000e+00
  0.000000000000000e+00
  0.000000000000000e+00
  0.000000000000000e+00
  0.000000000000000e+00
  0.000000000000000e+00
  0.000000000000000e+00
  0.000000000000000e+00
 -3.723693533555723e-02
  0.000000000000000e+00
  0.000000000000000e+00
  0.000000000000000e+00
  0.000000000000000e+00
  0.000000000000000e+00
  0.000000000000000e+00
  0.000000000000000e+00
  0.000000000000000e+00
  0.000000000000000e+00
  9.999999999999999e-01
  0.000000000000000e+00
  0.000000000000000e+00
  0.000000000000000e+00
  0.000000000000000e+00
  0.000000000000000e+00
  0.000000000000000e+00
  0.000000000000000e+00
  0.000000000000000e+00
  0.000000000000000e+00
  0.000000000000000e+00
  0.000000000000000e+00
  0.000000000000000e+00
  0.000000000000000e+00
  0.000000000000000e+00
  0.000000000000000e+00
  1.000000000000000e+00
  0.000000000000000e+00
  0.000000000000000e+00
  0.000000000000000e+00
  0.000000000000000e+00
  0.000000000000000e+00
  0.000000000000000e+00
  0.000000000000000e+00
  0.000000000000000e+00
  0.000000000000000e+00
  0.000000000000000e+00
  0.000000000000000e+00
  0.000000000000000e+00
  0.000000000000000e+00
  0.000000000000000e+00
  0.000000000000000e+00
  0.000000000000000e+00
  0.000000000000000e+00
  0.000000000000000e+00
  0.000000000000000e+00
  0.000000000000000e+00
  0.000000000000000e+00
  0.000000000000000e+00
  0.000000000000000e+00
  0.000000000000000e+00
  0.000000000000000e+00
  0.000000000000000e+00
  9.578388944654760e-01
  0.000000000000000e+00
  0.000000000000000e+00
  0.000000000000000e+00
  0.000000000000000e+00
  0.000000000000000e+00
  0.000000000000000e+00
  0.000000000000000e+00
  0.000000000000000e+00
  0.000000000000000e+00
  0.000000000000000e+00
  0.000000000000000e+00
  0.000000000000000e+00
  0.000000000000000e+00
  0.000000000000000e+00
  0.000000000000000e+00
  0.000000000000000e+00
  0.000000000000000e+00
  0.000000000000000e+00
  0.000000000000000e+00
  0.000000000000000e+00
  0.000000000000000e+00
  1.000000000000000e+00
  0.000000000000000e+00
  0.000000000000000e+00
  0.000000000000000e+00
  0.000000000000000e+00
  0.000000000000000e+00
  0.000000000000000e+00
  0.000000000000000e+00
  0.000000000000000e+00
  0.000000000000000e+00
  0.000000000000000e+00
  0.000000000000000e+00
  0.000000000000000e+00
  0.000000000000000e+00
  0.000000000000000e+00
  0.000000000000000e+00
  0.000000000000000e+00
  0.000000000000000e+00
  0.000000000000000e+00
  0.000000000000000e+00
  3.479314534402508e-02
  0.000000000000000e+00
 -8.620550050189281e-01
  0.000000000000000e+00
  0.000000000000000e+00
  0.000000000000000e+00
  0.000000000000000e+00
  0.000000000000000e+00
  1.000000000000000e+00
  0.000000000000000e+00
  0.000000000000000e+00
  0.000000000000000e+00
  0.000000000000000e+00
  0.000000000000000e+00
  0.000000000000000e+00
  0.000000000000000e+00
  0.000000000000000e+00
  0.000000000000000e+00
  0.000000000000000e+00
  0.000000000000000e+00
  0.000000000000000e+00
  0.000000000000000e+00
  0.000000000000000e+00
  0.000000000000000e+00
  0.000000000000000e+00
  0.000000000000000e+00
  0.000000000000000e+00
  0.000000000000000e+00
  0.000000000000000e+00
  1.000000000000000e+00
  0.000000000000000e+00
  0.000000000000000e+00
  0.000000000000000e+00
  0.000000000000000e+00
  0.000000000000000e+00
  0.000000000000000e+00
  0.000000000000000e+00
  0.000000000000000e+00
  0.000000000000000e+00
  0.000000000000000e+00
  0.000000000000000e+00
  0.000000000000000e+00
  0.000000000000000e+00
  0.000000000000000e+00
  0.000000000000000e+00
  0.000000000000000e+00
  0.000000000000000e+00
  0.000000000000000e+00
  0.000000000000000e+00
  0.000000000000000e+00
  0.000000000000000e+00
 -1.134536300909796e-01
  0.000000000000000e+00
  0.000000000000000e+00
  0.000000000000000e+00
  0.000000000000000e+00
 -1.891225834515472e-01
  1.990371363200981e-01
  0.000000000000000e+00
  0.000000000000000e+00
  1.057330401837290e+00
  0.000000000000000e+00
  0.000000000000000e+00
  0.000000000000000e+00
  0.000000000000000e+00
  0.000000000000000e+00
  0.000000000000000e+00
  0.000000000000000e+00
  0.000000000000000e+00
  0.000000000000000e+00
  0.000000000000000e+00
  0.000000000000000e+00
  0.000000000000000e+00
  0.000000000000000e+00
  0.000000000000000e+00
  0.000000000000000e+00
  0.000000000000000e+00
  0.000000000000000e+00
  9.999999999999999e-01
  0.000000000000000e+00
  0.000000000000000e+00
  0.000000000000000e+00
  0.000000000000000e+00
  0.000000000000000e+00
  0.000000000000000e+00
  0.000000000000000e+00
  0.000000000000000e+00
  0.000000000000000e+00
  0.000000000000000e+00
  0.000000000000000e+00
  0.000000000000000e+00
  0.000000000000000e+00
  0.000000000000000e+00
  0.000000000000000e+00
  0.000000000000000e+00
  0.000000000000000e+00
  0.000000000000000e+00
  0.000000000000000e+00
  0.000000000000000e+00
  0.000000000000000e+00
  0.000000000000000e+00
  0.000000000000000e+00
  0.000000000000000e+00
  5.616342020264358e-01
  1.253740675170361e+00
  0.000000000000000e+00
 -1.190549867697280e+00
  0.000000000000000e+00
 -3.615859966370681e-01
  0.000000000000000e+00
  0.000000000000000e+00
  0.000000000000000e+00
  0.000000000000000e+00
  0.000000000000000e+00
  0.000000000000000e+00
  0.000000000000000e+00
  0.000000000000000e+00
  0.000000000000000e+00
  0.000000000000000e+00
  0.000000000000000e+00
  0.000000000000000e+00
  0.000000000000000e+00
  0.000000000000000e+00
  0.000000000000000e+00
  0.000000000000000e+00
  0.000000000000000e+00
  0.000000000000000e+00
  9.999999999999998e-01
  0.000000000000000e+00
  0.000000000000000e+00
  0.000000000000000e+00
  0.000000000000000e+00
  0.000000000000000e+00
  0.000000000000000e+00
  0.000000000000000e+00
  0.000000000000000e+00
  0.000000000000000e+00
  0.000000000000000e+00
  0.000000000000000e+00
  0.000000000000000e+00
  0.000000000000000e+00
  0.000000000000000e+00
  0.000000000000000e+00
  0.000000000000000e+00
  0.000000000000000e+00
  0.000000000000000e+00
  0.000000000000000e+00
  1.000000000000000e+00
  0.000000000000000e+00
  0.000000000000000e+00
  0.000000000000000e+00
  0.000000000000000e+00
  0.000000000000000e+00
  0.000000000000000e+00
  0.000000000000000e+00
  0.000000000000000e+00
  0.000000000000000e+00
  0.000000000000000e+00
  0.000000000000000e+00
  0.000000000000000e+00
  0.000000000000000e+00
  0.000000000000000e+00
  0.000000000000000e+00
  0.000000000000000e+00
  0.000000000000000e+00
  0.000000000000000e+00
  0.000000000000000e+00
  0.000000000000000e+00
  0.000000000000000e+00
  0.000000000000000e+00
  0.000000000000000e+00
  0.000000000000000e+00
  0.000000000000000e+00
  0.000000000000000e+00
  0.000000000000000e+00
  0.000000000000000e+00
  1.000000000000000e+00
  0.000000000000000e+00
  0.000000000000000e+00
  0.000000000000000e+00
  0.000000000000000e+00
  0.000000000000000e+00
  0.000000000000000e+00
  0.000000000000000e+00
  0.000000000000000e+00
  0.000000000000000e+00
  0.000000000000000e+00
  0.000000000000000e+00
  0.000000000000000e+00
  0.000000000000000e+00
  0.000000000000000e+00
  0.000000000000000e+00
  0.000000000000000e+00
  0.000000000000000e+00
  0.000000000000000e+00
  0.000000000000000e+00
  0.000000000000000e+00
  0.000000000000000e+00
  0.000000000000000e+00
  0.000000000000000e+00
  0.000000000000000e+00
  1.000000000000000e+00
  0.000000000000000e+00
  0.000000000000000e+00
  0.000000000000000e+00
  0.000000000000000e+00
  0.000000000000000e+00
  0.000000000000000e+00
  0.000000000000000e+00
  0.000000000000000e+00
  0.000000000000000e+00
  0.000000000000000e+00
  0.000000000000000e+00
  0.000000000000000e+00
  0.000000000000000e+00
  0.000000000000000e+00
  0.000000000000000e+00
  0.000000000000000e+00
  0.000000000000000e+00
  0.000000000000000e+00
  0.000000000000000e+00
  0.000000000000000e+00
  0.000000000000000e+00
  0.000000000000000e+00
  0.000000000000000e+00
  1.000000000000000e+00
  0.000000000000000e+00
  0.000000000000000e+00
  0.000000000000000e+00
  0.000000000000000e+00
  0.000000000000000e+00
  0.000000000000000e+00
  0.000000000000000e+00
  0.000000000000000e+00
  0.000000000000000e+00
  0.000000000000000e+00
  0.000000000000000e+00
  0.000000000000000e+00
  0.000000000000000e+00
  0.000000000000000e+00
  0.000000000000000e+00
  0.000000000000000e+00
  0.000000000000000e+00
  0.000000000000000e+00
  0.000000000000000e+00
  0.000000000000000e+00
  0.000000000000000e+00
  0.000000000000000e+00
  0.000000000000000e+00
  0.000000000000000e+00
  0.000000000000000e+00
  0.000000000000000e+00
  0.000000000000000e+00
  1.000000000000000e+00
  0.000000000000000e+00
  0.000000000000000e+00
  0.000000000000000e+00
  0.000000000000000e+00
  0.000000000000000e+00
  0.000000000000000e+00
  0.000000000000000e+00
  0.000000000000000e+00
  0.000000000000000e+00
  0.000000000000000e+00
  0.000000000000000e+00
  0.000000000000000e+00
  0.000000000000000e+00
  0.000000000000000e+00
  0.000000000000000e+00
  0.000000000000000e+00
  0.000000000000000e+00
  0.000000000000000e+00
  0.000000000000000e+00
  0.000000000000000e+00
  1.000000000000000e+00
  0.000000000000000e+00
  0.000000000000000e+00
  0.000000000000000e+00
  0.000000000000000e+00
  0.000000000000000e+00
  0.000000000000000e+00
  0.000000000000000e+00
  0.000000000000000e+00
  0.000000000000000e+00
  0.000000000000000e+00
  0.000000000000000e+00
  0.000000000000000e+00
  0.000000000000000e+00
  0.000000000000000e+00
  0.000000000000000e+00
  0.000000000000000e+00
  1.000000000000000e+00
  0.000000000000000e+00
  0.000000000000000e+00
  0.000000000000000e+00
  0.000000000000000e+00
  0.000000000000000e+00
  0.000000000000000e+00
  0.000000000000000e+00
  0.000000000000000e+00
  0.000000000000000e+00
  0.000000000000000e+00
  0.000000000000000e+00
  0.000000000000000e+00
  0.000000000000000e+00
  0.000000000000000e+00
  0.000000000000000e+00
  0.000000000000000e+00
  0.000000000000000e+00
  0.000000000000000e+00
  0.000000000000000e+00
  0.000000000000000e+00
  0.000000000000000e+00
  0.000000000000000e+00
  0.000000000000000e+00
  0.000000000000000e+00
  0.000000000000000e+00
  0.000000000000000e+00
  0.000000000000000e+00
  0.000000000000000e+00
  0.000000000000000e+00
  0.000000000000000e+00
  0.000000000000000e+00
  1.000000000000000e+00
  0.000000000000000e+00
  0.000000000000000e+00
  0.000000000000000e+00
  0.000000000000000e+00
  0.000000000000000e+00
  0.000000000000000e+00
  0.000000000000000e+00
  0.000000000000000e+00
  0.000000000000000e+00
  0.000000000000000e+00
  0.000000000000000e+00
  0.000000000000000e+00
  0.000000000000000e+00
  0.000000000000000e+00
  0.000000000000000e+00
  0.000000000000000e+00
  0.000000000000000e+00
  0.000000000000000e+00
  0.000000000000000e+00
  0.000000000000000e+00
  0.000000000000000e+00
  0.000000000000000e+00
  0.000000000000000e+00
  0.000000000000000e+00
  0.000000000000000e+00
  0.000000000000000e+00
  0.000000000000000e+00
  0.000000000000000e+00
  0.000000000000000e+00
  0.000000000000000e+00
  0.000000000000000e+00
  0.000000000000000e+00
  0.000000000000000e+00
  0.000000000000000e+00
  0.000000000000000e+00
  0.000000000000000e+00
  0.000000000000000e+00
  0.000000000000000e+00
  0.000000000000000e+00
  0.000000000000000e+00
  0.000000000000000e+00
  0.000000000000000e+00
  0.000000000000000e+00
  0.000000000000000e+00
  0.000000000000000e+00
  0.000000000000000e+00
  0.000000000000000e+00
  0.000000000000000e+00
  1.000000000000000e+00
  0.000000000000000e+00
  0.000000000000000e+00
  0.000000000000000e+00
  0.000000000000000e+00
  0.000000000000000e+00
  0.000000000000000e+00
  0.000000000000000e+00
  0.000000000000000e+00
  0.000000000000000e+00
  0.000000000000000e+00
  0.000000000000000e+00
  0.000000000000000e+00
  0.000000000000000e+00
  0.000000000000000e+00
  0.000000000000000e+00
  0.000000000000000e+00
  0.000000000000000e+00
  0.000000000000000e+00
  0.000000000000000e+00
  0.000000000000000e+00
  0.000000000000000e+00
  0.000000000000000e+00
  0.000000000000000e+00
  0.000000000000000e+00
  0.000000000000000e+00
  0.000000000000000e+00
  0.000000000000000e+00
  0.000000000000000e+00
  0.000000000000000e+00
  0.000000000000000e+00
  0.000000000000000e+00
  0.000000000000000e+00
  0.000000000000000e+00
  0.000000000000000e+00
  0.000000000000000e+00
  0.000000000000000e+00
  0.000000000000000e+00
  0.000000000000000e+00
  0.000000000000000e+00
  0.000000000000000e+00
  0.000000000000000e+00
  0.000000000000000e+00
  0.000000000000000e+00
  0.000000000000000e+00
  0.000000000000000e+00
  0.000000000000000e+00
  0.000000000000000e+00
  0.000000000000000e+00
  1.000000000000000e+00
  0.000000000000000e+00
  0.000000000000000e+00
  0.000000000000000e+00
  0.000000000000000e+00
  0.000000000000000e+00
  0.000000000000000e+00
  0.000000000000000e+00
  0.000000000000000e+00
  0.000000000000000e+00
  0.000000000000000e+00
  0.000000000000000e+00
  0.000000000000000e+00
  0.000000000000000e+00
  0.000000000000000e+00
  0.000000000000000e+00
  0.000000000000000e+00
  0.000000000000000e+00
  0.000000000000000e+00
  0.000000000000000e+00
  0.000000000000000e+00
  0.000000000000000e+00
  0.000000000000000e+00
  0.000000000000000e+00
  0.000000000000000e+00
  0.000000000000000e+00
  0.000000000000000e+00
  0.000000000000000e+00
  0.000000000000000e+00
  0.000000000000000e+00
  0.000000000000000e+00
  0.000000000000000e+00
  0.000000000000000e+00
  0.000000000000000e+00
  0.000000000000000e+00
  0.000000000000000e+00
  0.000000000000000e+00
  0.000000000000000e+00
  0.000000000000000e+00
  0.000000000000000e+00
  0.000000000000000e+00
  0.000000000000000e+00
  0.000000000000000e+00
  0.000000000000000e+00
  0.000000000000000e+00
  0.000000000000000e+00
  0.000000000000000e+00
  0.000000000000000e+00
  0.000000000000000e+00
  1.000000000000000e+00
  0.000000000000000e+00
  0.000000000000000e+00
  0.000000000000000e+00
  0.000000000000000e+00
  0.000000000000000e+00
  0.000000000000000e+00
  0.000000000000000e+00
  0.000000000000000e+00
  0.000000000000000e+00
  0.000000000000000e+00
  0.000000000000000e+00
  0.000000000000000e+00
  0.000000000000000e+00
  0.000000000000000e+00
  0.000000000000000e+00
  0.000000000000000e+00
  0.000000000000000e+00
  0.000000000000000e+00
  0.000000000000000e+00
  0.000000000000000e+00
  0.000000000000000e+00
  0.000000000000000e+00
  0.000000000000000e+00
  0.000000000000000e+00
  0.000000000000000e+00
  0.000000000000000e+00
  0.000000000000000e+00
  0.000000000000000e+00
  0.000000000000000e+00
  0.000000000000000e+00
  0.000000000000000e+00
  0.000000000000000e+00
  0.000000000000000e+00
  0.000000000000000e+00
  0.000000000000000e+00
  0.000000000000000e+00
  0.000000000000000e+00
  0.000000000000000e+00
  0.000000000000000e+00
  0.000000000000000e+00
  0.000000000000000e+00
  0.000000000000000e+00
  0.000000000000000e+00
  0.000000000000000e+00
  0.000000000000000e+00
  0.000000000000000e+00
  0.000000000000000e+00
  0.000000000000000e+00
  1.000000000000000e+00
  0.000000000000000e+00
  0.000000000000000e+00
  0.000000000000000e+00
  0.000000000000000e+00
  0.000000000000000e+00
  0.000000000000000e+00
  0.000000000000000e+00
  0.000000000000000e+00
  0.000000000000000e+00
  0.000000000000000e+00
  0.000000000000000e+00
  0.000000000000000e+00
  0.000000000000000e+00
  0.000000000000000e+00
  0.000000000000000e+00
  0.000000000000000e+00
  0.000000000000000e+00
  0.000000000000000e+00
  0.000000000000000e+00
  0.000000000000000e+00
  0.000000000000000e+00
  0.000000000000000e+00
  0.000000000000000e+00
  0.000000000000000e+00
  0.000000000000000e+00
  0.000000000000000e+00
  0.000000000000000e+00
  0.000000000000000e+00
  0.000000000000000e+00
  0.000000000000000e+00
  0.000000000000000e+00
  0.000000000000000e+00
  0.000000000000000e+00
  0.000000000000000e+00
  0.000000000000000e+00
  0.000000000000000e+00
  0.000000000000000e+00
  0.000000000000000e+00
  0.000000000000000e+00
  0.000000000000000e+00
  0.000000000000000e+00
  0.000000000000000e+00
  0.000000000000000e+00
  0.000000000000000e+00
  0.000000000000000e+00
  0.000000000000000e+00
  0.000000000000000e+00
  0.000000000000000e+00
  9.999999999999999e-01
  0.000000000000000e+00
  0.000000000000000e+00
  0.000000000000000e+00
  0.000000000000000e+00
  0.000000000000000e+00
  0.000000000000000e+00
  0.000000000000000e+00
  0.000000000000000e+00
  0.000000000000000e+00
  0.000000000000000e+00
  0.000000000000000e+00
  0.000000000000000e+00
  0.000000000000000e+00
  0.000000000000000e+00
  0.000000000000000e+00
  0.000000000000000e+00
  0.000000000000000e+00
  0.000000000000000e+00
  0.000000000000000e+00
  0.000000000000000e+00
  0.000000000000000e+00
  0.000000000000000e+00
  0.000000000000000e+00
  0.000000000000000e+00
  0.000000000000000e+00
  0.000000000000000e+00
  0.000000000000000e+00
  0.000000000000000e+00
  0.000000000000000e+00
  0.000000000000000e+00
  0.000000000000000e+00
  0.000000000000000e+00
  0.000000000000000e+00
  0.000000000000000e+00
  0.000000000000000e+00
  0.000000000000000e+00
  0.000000000000000e+00
  0.000000000000000e+00
  0.000000000000000e+00
  0.000000000000000e+00
  0.000000000000000e+00
  0.000000000000000e+00
  0.000000000000000e+00
  0.000000000000000e+00
  0.000000000000000e+00
  0.000000000000000e+00
  0.000000000000000e+00
  0.000000000000000e+00
  1.000000000000000e+00
  0.000000000000000e+00
  0.000000000000000e+00
  0.000000000000000e+00
  0.000000000000000e+00
  0.000000000000000e+00
  0.000000000000000e+00
  0.000000000000000e+00
  0.000000000000000e+00
  0.000000000000000e+00
  0.000000000000000e+00
  0.000000000000000e+00
  0.000000000000000e+00
  0.000000000000000e+00
  0.000000000000000e+00
  0.000000000000000e+00
  1.000000000000000e+00
  0.000000000000000e+00
  0.000000000000000e+00
  0.000000000000000e+00
  0.000000000000000e+00
  0.000000000000000e+00
  0.000000000000000e+00
  0.000000000000000e+00
  0.000000000000000e+00
  0.000000000000000e+00
  0.000000000000000e+00
  0.000000000000000e+00
  0.000000000000000e+00
  0.000000000000000e+00
  0.000000000000000e+00
  0.000000000000000e+00
  0.000000000000000e+00
  0.000000000000000e+00
  0.000000000000000e+00
  0.000000000000000e+00
  0.000000000000000e+00
  0.000000000000000e+00
  0.000000000000000e+00
  0.000000000000000e+00
  0.000000000000000e+00
  0.000000000000000e+00
  0.000000000000000e+00
  0.000000000000000e+00
  0.000000000000000e+00
  0.000000000000000e+00
  0.000000000000000e+00
  0.000000000000000e+00
  0.000000000000000e+00
  1.000000000000000e+00
  0.000000000000000e+00
  0.000000000000000e+00
  0.000000000000000e+00
  0.000000000000000e+00
  0.000000000000000e+00
  0.000000000000000e+00
  0.000000000000000e+00
  0.000000000000000e+00
  0.000000000000000e+00
  0.000000000000000e+00
  1.000000000000000e+00
  0.000000000000000e+00
  0.000000000000000e+00
  0.000000000000000e+00
  0.000000000000000e+00
  0.000000000000000e+00
  0.000000000000000e+00
  0.000000000000000e+00
  0.000000000000000e+00
  0.000000000000000e+00
  0.000000000000000e+00
  0.000000000000000e+00
  0.000000000000000e+00
  0.000000000000000e+00
  0.000000000000000e+00
  0.000000000000000e+00
  0.000000000000000e+00
  0.000000000000000e+00
  0.000000000000000e+00
  0.000000000000000e+00
  0.000000000000000e+00
  0.000000000000000e+00
  0.000000000000000e+00
  0.000000000000000e+00
  0.000000000000000e+00
  0.000000000000000e+00
  0.000000000000000e+00
  0.000000000000000e+00
  0.000000000000000e+00
  0.000000000000000e+00
  0.000000000000000e+00
  0.000000000000000e+00
  0.000000000000000e+00
  0.000000000000000e+00
  0.000000000000000e+00
  0.000000000000000e+00
  0.000000000000000e+00
  0.000000000000000e+00
  1.000000000000000e+00
  0.000000000000000e+00
  0.000000000000000e+00
  0.000000000000000e+00
  0.000000000000000e+00
  0.000000000000000e+00
  0.000000000000000e+00
  0.000000000000000e+00
  0.000000000000000e+00
  0.000000000000000e+00
  0.000000000000000e+00
  0.000000000000000e+00
  0.000000000000000e+00
  0.000000000000000e+00
  0.000000000000000e+00
  0.000000000000000e+00
  0.000000000000000e+00
  0.000000000000000e+00
  1.000000000000000e+00
  0.000000000000000e+00
  0.000000000000000e+00
  0.000000000000000e+00
  0.000000000000000e+00
  0.000000000000000e+00
  0.000000000000000e+00
  0.000000000000000e+00
  0.000000000000000e+00
  0.000000000000000e+00
  0.000000000000000e+00
  0.000000000000000e+00
  0.000000000000000e+00
  0.000000000000000e+00
  0.000000000000000e+00
  0.000000000000000e+00
  0.000000000000000e+00
  0.000000000000000e+00
  0.000000000000000e+00
  0.000000000000000e+00
  0.000000000000000e+00
  0.000000000000000e+00
  0.000000000000000e+00
  0.000000000000000e+00
  0.000000000000000e+00
  0.000000000000000e+00
  0.000000000000000e+00
  0.000000000000000e+00
  0.000000000000000e+00
  0.000000000000000e+00
  0.000000000000000e+00
  1.000000000000000e+00
  0.000000000000000e+00
  0.000000000000000e+00
  0.000000000000000e+00
  0.000000000000000e+00
  0.000000000000000e+00
  0.000000000000000e+00
  0.000000000000000e+00
  0.000000000000000e+00
  0.000000000000000e+00
  0.000000000000000e+00
  0.000000000000000e+00
  0.000000000000000e+00
  0.000000000000000e+00
  0.000000000000000e+00
  0.000000000000000e+00
  0.000000000000000e+00
  0.000000000000000e+00
  1.000000000000000e+00
  0.000000000000000e+00
  0.000000000000000e+00
  0.000000000000000e+00
  0.000000000000000e+00
  0.000000000000000e+00
  0.000000000000000e+00
  0.000000000000000e+00
  0.000000000000000e+00
  0.000000000000000e+00
  0.000000000000000e+00
  0.000000000000000e+00
  0.000000000000000e+00
  0.000000000000000e+00
  0.000000000000000e+00
  0.000000000000000e+00
  0.000000000000000e+00
  0.000000000000000e+00
  0.000000000000000e+00
  0.000000000000000e+00
  0.000000000000000e+00
  0.000000000000000e+00
  0.000000000000000e+00
  0.000000000000000e+00
  0.000000000000000e+00
  0.000000000000000e+00
  0.000000000000000e+00
  0.000000000000000e+00
  0.000000000000000e+00
  0.000000000000000e+00
  0.000000000000000e+00
  1.000000000000000e+00
  0.000000000000000e+00
  0.000000000000000e+00
  0.000000000000000e+00
  0.000000000000000e+00
  0.000000000000000e+00
  0.000000000000000e+00
  0.000000000000000e+00
  0.000000000000000e+00
  0.000000000000000e+00
  0.000000000000000e+00
  0.000000000000000e+00
  0.000000000000000e+00
  1.000000000000000e+00
  0.000000000000000e+00
  0.000000000000000e+00
  0.000000000000000e+00
  0.000000000000000e+00
  0.000000000000000e+00
  0.000000000000000e+00
  0.000000000000000e+00
  0.000000000000000e+00
  0.000000000000000e+00
  0.000000000000000e+00
  0.000000000000000e+00
  0.000000000000000e+00
  0.000000000000000e+00
  0.000000000000000e+00
  0.000000000000000e+00
  0.000000000000000e+00
  0.000000000000000e+00
  0.000000000000000e+00
  0.000000000000000e+00
  0.000000000000000e+00
  0.000000000000000e+00
  0.000000000000000e+00
  0.000000000000000e+00
  0.000000000000000e+00
  0.000000000000000e+00
  0.000000000000000e+00
  0.000000000000000e+00
  0.000000000000000e+00
  0.000000000000000e+00
  0.000000000000000e+00
  0.000000000000000e+00
  0.000000000000000e+00
  0.000000000000000e+00
  0.000000000000000e+00
  0.000000000000000e+00
  1.000000000000000e+00
  0.000000000000000e+00
  0.000000000000000e+00
  0.000000000000000e+00
  0.000000000000000e+00
  0.000000000000000e+00
  0.000000000000000e+00
  0.000000000000000e+00
  0.000000000000000e+00
  0.000000000000000e+00
  1.000000000000000e+00
  0.000000000000000e+00
  0.000000000000000e+00
  0.000000000000000e+00
  0.000000000000000e+00
  0.000000000000000e+00
  0.000000000000000e+00
  0.000000000000000e+00
  0.000000000000000e+00
  0.000000000000000e+00
  0.000000000000000e+00
  0.000000000000000e+00
  0.000000000000000e+00
  0.000000000000000e+00
  0.000000000000000e+00
  0.000000000000000e+00
  0.000000000000000e+00
  0.000000000000000e+00
  0.000000000000000e+00
  0.000000000000000e+00
  0.000000000000000e+00
  0.000000000000000e+00
  0.000000000000000e+00
  0.000000000000000e+00
  0.000000000000000e+00
  0.000000000000000e+00
  0.000000000000000e+00
  0.000000000000000e+00
  0.000000000000000e+00
  0.000000000000000e+00
  0.000000000000000e+00
  0.000000000000000e+00
  0.000000000000000e+00
  0.000000000000000e+00
  0.000000000000000e+00
  0.000000000000000e+00
  0.000000000000000e+00
  0.000000000000000e+00
  0.000000000000000e+00
  1.000000000000000e+00
  0.000000000000000e+00
  0.000000000000000e+00
  0.000000000000000e+00
  4.362394295938834e-03
  5.936082717098645e-04
  4.091343664608494e-01
  1.154734029826516e-01
  2.923712591666501e-05
  8.169149438720555e-03
  1.000000000000001e-03
  1.084211679388046e-03
  1.000000000000002e-03
  9.999999999999989e-04
  1.123362628837851e-01
  1.000000000000000e-03
  6.152571294033511e-02
  9.999999999999979e-04
  2.672872763892989e-03
  7.833072376265912e-04
  9.999999999999966e-04
  9.999999999999989e-04
  1.000000000000000e-03
  9.999999999999972e-04
  1.000000000000000e+00
  1.000000000000000e+00
  1.000000000000000e+00
  1.000000000000000e+00
  1.000000000000001e+00
  1.000000000000000e+00
  9.999999999999985e-04
  9.999999999999976e-04
  9.999999999999970e-04
  1.000000000000000e-03
  1.000000000000000e-03
  1.000000000000000e-03
