  3.596933015849188e+00
  6.795703892944811e+00
  1.804737320829708e+00
 -1.884205846940100e+00
 -1.119284030078886e-01
  3.187074104660991e-01
 -7.829305032991917e-01
 -2.045596335303089e-01
 -2.195040613106169e-01
  2.483082127623102e-01
 -8.386760447234105e-02
  3.641503977892340e-03
 -8.428706183387400e-01
  5.597385678814765e-02
 -5.627009979621855e-02
  7.798844930192107e-02
 -2.745026947088697e-03
  4.396444367517848e-01
  1.059009627236244e+00
  2.982859203057543e-01
 -1.095291330127546e-01
 -4.374968166448605e-02
 -3.833743369555668e-01
 -9.105086273566382e-01
 -3.079361473243769e-01
 -1.915382501959931e-01
 -1.400099855532327e-01
  7.472987860556445e-02
  4.505526333591546e-01
  1.529010218435315e-01
  1.580464138949584e-01
 -1.839461353521221e-01
 -1.461937453676199e-02
 -1.786485225767272e-01
  1.196427044990795e-01
  7.324524981416823e-02
  1.461937453676196e-02
  7.490933860848874e-03
  2.115807002833810e-01
 -4.024099896284590e-03
  0.000000000000000e+00
  0.000000000000000e+00
  1.025015223620314e-16
  5.814697145836447e-16
  6.915474709365159e-18
 -2.080523625115168e-16
 -7.415538803576094e-01
 -4.168168424828167e-01
 -3.945091051473499e-03
 -6.247207067110574e-02
  5.681875380382909e-02
  9.240699043901372e-02
  3.493521094450662e-01
 -7.472987860556443e-02
 -2.558325242823428e-01
  2.368101175263285e-01
  1.952141256887485e-02
 -2.389482732483001e-01
  1.947151396681015e-02
  2.888426536444597e-01
  1.048653952565170e-01
  6.419858281023871e-02
  5.680919461966417e-01
  5.868909828072983e-01
 -1.278139596824787e-02
 -1.563943048774256e-01
  2.828143179337523e-01
 -3.182279552862064e-01
  1.142472226008623e+00
  1.222898700613405e-01
 -8.212493789476986e-02
  2.820566252494634e+00
 -2.375771718949397e-01
 -1.926658794770867e-01
  1.325190516923838e-01
  3.314757916745228e-01
 -8.029317521904001e-01
 -8.836683837712163e-01
 -5.961536076603976e-02
 -1.430793924455257e-01
  7.112602979804854e-02
  4.851012181835847e-02
 -2.537074540538129e+00
 -1.597449202335581e+00
  1.858943114737711e-01
  3.512110708184422e-01
  9.327123973907311e-02
 -9.737827950879739e-02
  1.578656568901957e-01
 -4.495101632555047e-01
  1.104258033539416e+00
  2.885142649467082e-01
  3.095921311985848e-01
 -3.502179792218586e-01
  4.213582519298836e-01
 -1.829523759709223e-02
  4.234656427600692e+00
  2.412010318964438e-01
 -2.424775942657165e-01
  3.360657193736564e-01
 -2.650911654794539e-03
  4.245708999640027e-01
  1.022700693833833e+00
  2.880589654823848e-01
 -1.057738451533207e-01
 -2.078001417830271e-02
 -1.820933056982888e-01
 -4.324690252842814e-01
  1.242665861185812e+00
  7.729461016445772e-01
  5.483057044684901e-01
 -2.926564028398523e-01
 -1.764449714482673e+00
 -5.987894517994533e-01
 -6.189397846659008e-01
  7.203680146810275e-01
 -3.661879451738331e-02
 -4.474810822187360e-01
  2.996825616950219e-01
  1.834656295024711e-01
  3.661879451738326e-02
  1.876338601928247e-02
  5.299700180769328e-01
 -1.007961639185878e-02
  0.000000000000000e+00
  0.000000000000000e+00
  4.816815765008036e-16
  2.732478916936269e-15
  3.249763206924169e-17
 -9.776926982148482e-16
 -3.255359766228007e-01
 -1.829791219284576e-01
  3.475861636844310e-03
  5.504163807292082e-02
 -5.006072712219577e-02
 -8.141609632133590e-02
 -3.078001443128155e-01
  2.926564028398522e-01
  1.001888771706564e+00
 -9.273934127089232e-01
 -7.644956056885920e-02
  9.357668367526908e-01
  3.267872613914009e-02
  4.847599417199351e-01
  2.748820432230525e-01
  1.682827549711263e-01
  2.493876323962975e-01
  2.576402528797433e-01
 -3.350367612118946e-02
 -4.099539792702409e-01
  5.996380871936531e-01
  1.361745612176789e+00
  3.147909720031909e-01
  4.572499481763730e-01
  3.640260861545644e-01
  1.019786228412925e+00
 -5.037238636175764e-01
 -4.085005323676201e-01
 -5.670690904877730e-01
 -1.418435110295837e+00
 -2.212357210706784e-01
 -2.434814808826082e-01
 -2.229057942993503e-01
 -5.349833534699756e-01
 -3.152724484768888e-01
 -2.150254263454704e-01
 -9.172887446304565e-01
 -5.775637057595182e-01
  1.776173186184722e-02
  3.355733060002525e-02
  8.911831338643374e-03
 -9.304248613585527e-03
  8.285256616151543e-03
 -2.359162295020565e-02
  5.795472782712088e-02
  1.514208200562887e-02
  1.624831077164342e-02
 -1.838047544097184e-02
  7.258520903199542e-01
 -3.151626055008272e-02
  7.294823836207387e+00
  6.025144234036608e-02
 -6.057032457474697e-02
  8.394841495582359e-02
 -6.909855500118571e-04
  1.106684775028437e-01
  2.665767454559138e-01
  7.508533237601211e-02
 -2.757096730777362e-02
 -5.717070839921656e-03
 -5.009815292809670e-02
 -1.189824045550316e-01
  1.192174224098131e-01
  7.415399809233285e-02
  5.221096690236596e-02
 -2.786743533381405e-02
 -1.680150778898892e-01
 -5.701814880750296e-02
 -5.893691119459429e-02
  6.859514731566252e-02
 -5.756017134059806e-03
 -7.033843714314392e-02
  4.710635570148590e-02
  2.883850549547672e-02
  5.756017134059796e-03
  2.949369929933064e-03
  8.330466758376488e-02
 -1.584389803677105e-03
  0.000000000000000e+00
  0.000000000000000e+00
 -5.774937936600932e-19
 -3.276001601101545e-18
 -3.896179913081019e-20
  1.172167450180490e-18
  2.374829671119961e-01
  1.334857831872406e-01
  4.292944121526804e-05
  6.798046104587656e-04
 -6.182867060660674e-04
 -1.005548518949848e-03
 -3.801557594025685e-03
  2.786743533381405e-02
  9.540222009933443e-02
 -8.830859570092325e-02
 -7.279708097201662e-03
  8.910593295648293e-02
  5.848566719479820e-03
  8.675830416426368e-02
  4.266776509231043e-02
  2.612120083947591e-02
 -1.819317038839395e-01
 -1.879521038999071e-01
 -5.200510610683195e-03
 -6.363391322716130e-02
  9.932636510885022e-02
  1.324606611567669e-01
  7.403632488742100e-01
  5.894490282653040e-02
  3.568855847957683e-02
  3.905838336982356e-01
 -8.343876324780865e-02
 -6.766560345590966e-02
 -5.516033683229902e-02
 -1.379750012319964e-01
 -5.203287634858093e-01
 -5.726490155668276e-01
 -2.873518179028350e-02
 -6.896565414576146e-02
 -3.090882670888981e-02
 -2.108076260080968e-02
 -3.513267236836365e-01
 -2.212101321975973e-01
  1.503317197786879e-02
  2.840224849424752e-02
  7.542794486125815e-03
 -7.874928561067227e-03
  7.885004224156153e-03
 -2.245193543606572e-02
  5.515499336928564e-02
  1.441058329372072e-02
  1.546337126360733e-02
 -1.749253320790692e-02
  6.201872482400123e-01
 -2.692832763870009e-02
  6.232890669749080e+00
  3.694146826688930e-01
 -3.713698189253348e-01
  5.147059699629042e-01
 -1.961208102705742e-03
  3.141077476786031e-01
  7.566185330099781e-01
  2.131129402744556e-01
 -7.825403075724648e-02
  6.534598555520982e-03
  5.726207124673237e-02
  1.359966092266188e-01
  1.008695007421123e-01
  6.274147364042887e-02
  4.420273500672045e-02
 -2.359306736611462e-02
 -1.422445590595589e-01
 -4.827258087414573e-02
 -4.989703930442271e-02
  5.807387411941957e-02
 -4.714451208631241e-03
 -5.761051822457657e-02
  3.858234094839228e-02
  2.362010465253354e-02
  4.714451208631221e-03
  2.415673947284859e-03
  6.823047632207109e-02
 -1.297690443047753e-03
  0.000000000000000e+00
  0.000000000000000e+00
  3.778539790518252e-17
  2.143486655520587e-16
  2.549269099376627e-18
 -7.669487361216928e-17
  2.021187050473245e-01
  1.136080366863083e-01
  7.351119413050934e-05
  1.164078713246246e-03
 -1.058737146146943e-03
 -1.721873620797998e-03
 -6.509682641602706e-03
  2.359306736611460e-02
  8.076921965435963e-02
 -7.476363082650808e-02
 -6.163130603357976e-03
  7.543867075603855e-02
  6.032274946439110e-03
  8.948345290522380e-02
  3.400433060612323e-02
  2.081744725210741e-02
 -1.548397379536434e-01
 -1.599636231311450e-01
 -4.144578037863843e-03
 -5.071342777050484e-02
  9.292644508002816e-02
  1.119482879681814e-01
  6.301854322091973e-01
  7.025473186146243e-01
  3.014287387606666e-02
  3.325048353350459e-01
 -7.806253296388969e-02
 -6.330568904300198e-02
 -4.661840895400535e-02
 -1.166086975215179e-01
 -4.428955748503040e-01
 -4.874297419920506e-01
 -3.424863550301951e-01
 -8.219817672648828e-01
 -2.610586991560422e-02
 -1.780499956733035e-02
 -2.990851753927992e-01
 -1.883166486548265e-01
  1.753261226767380e-02
  3.312445378213248e-02
  8.796872099559377e-03
 -9.184227340715596e-03
  3.183801499795348e-03
 -9.065626812939898e-03
  2.227044470976513e-02
  5.818695259910772e-03
  6.243789251265001e-03
 -7.063122844238447e-03
  6.829012613146138e-01
 -2.965134959118795e-02
  6.863167393536106e+00
  4.081786549028020e-01
 -4.103389504317738e-01
  5.687158641666825e-01
 -1.105663625770537e-02
  1.770834572332222e+00
  4.265562585524941e+00
  1.201459579518310e+00
 -4.411700892875519e-01
 -1.552562199043861e-01
 -1.360495621900450e+00
 -3.231157857509032e+00
  1.182341396940752e-01
  7.354238996364507e-02
  5.133314551650565e-02
 -2.739890099789865e-02
 -1.651902455362856e-01
 -5.605950441964882e-02
 -5.794600671355086e-02
  6.744185920681507e-02
 -8.268955467937916e-03
 -1.010465033155275e-01
  6.767185511793217e-02
  4.142870185234966e-02
  8.268955467937914e-03
  4.236993747774052e-03
  1.196734774199105e-01
 -2.276096200780485e-03
  0.000000000000000e+00
  0.000000000000000e+00
  5.306174747005556e-17
  3.010082040318213e-16
  3.579919246153698e-18
 -1.077020288649279e-16
  2.280203517990631e-01
  1.281669823005617e-01
 -1.696394488477279e-04
 -2.686307489167941e-03
  2.443214099176808e-03
  3.973513088347247e-03
  1.502218796139495e-02
  2.739890099789866e-02
  9.379822549761886e-02
 -8.682386598874382e-02
 -7.157314588142663e-03
  8.760779763747033e-02
  1.782551996857403e-02
  2.644257913941095e-01
  5.414372261451773e-02
  3.314678070320527e-02
 -1.746825535637472e-01
 -1.804630680415060e-01
 -6.599244262020944e-03
 -8.074894335791299e-02
 -3.689965836437630e-02
  1.334447505260695e-01
  7.102328808675472e-01
  7.764786522535962e-01
  3.626754909042939e-02
  3.742836836713310e-01
  3.099742807275932e-02
  2.513771291042596e-02
 -5.557013926427972e-02
 -1.390000582621831e-01
 -4.991530809379265e-01
 -5.493440695097153e-01
 -3.785273053116125e-01
 -9.084815754210747e-01
 -3.141027370533146e-02
 -2.142276474758917e-02
 -3.366648820751879e-01
 -2.119784179503608e-01
  1.098764663654051e-02
  2.075901683273688e-02
  5.512978936687849e-03
 -5.755733550071035e-03
  1.549424171372442e-02
 -4.411864657238865e-02
  1.083810198052286e-01
  2.831717706689792e-02
  3.038593325459293e-02
 -3.437329010913329e-02
  5.186800707392885e-01
 -2.252091916460430e-02
  5.212742091473286e+00
  3.066723828658288e-01
 -3.082954539637575e-01
  4.272870399828403e-01
  1.276040186788178e-02
 -2.043710244040107e+00
 -4.922861846519249e+00
 -1.386597759511684e+00
  5.091519247072316e-01
  2.684047695468265e-01
  2.352005698003863e+00
  5.585980263130372e+00
  7.276357350323302e-02
  4.525940740609343e-02
  3.266164857666209e-02
 -1.743304967532874e-02
 -1.051053017248641e-01
 -3.566888049257894e-02
 -3.686920192900218e-02
  4.291111099087899e-02
  1.038771669122034e-03
  1.269377315127702e-02
 -8.501146990814423e-03
 -5.204401201528818e-03
 -1.038771669122032e-03
 -5.322642121487252e-04
 -1.503375104281692e-02
  2.859302192078045e-04
  0.000000000000000e+00
  0.000000000000000e+00
  3.210459545790635e-17
  1.821226604986223e-16
  2.166002151259667e-18
 -6.516427052568463e-17
  1.601950116733697e-01
  9.004332755293734e-02
  4.670681404360617e-04
  7.396207970065806e-03
 -6.726899160194738e-03
 -1.094026997717140e-02
 -4.136057647008624e-02
  1.743304967532875e-02
  5.968082897496827e-02
 -5.524326573908721e-02
 -4.553971736553069e-03
  5.574205652545342e-02
 -1.305594724000190e-02
 -1.936734068584600e-01
  1.407264350437614e-03
  8.615270720762520e-04
 -1.227227021030913e-01
 -1.267837851464974e-01
 -1.715227683159332e-04
 -2.098767942724131e-03
  3.030594070845805e-01
  7.715470462811443e-02
  5.006228323835793e-01
  5.828840944221412e-01
  2.022964294665594e-02
  2.648827399541879e-01
 -2.545839877462550e-01
 -2.064577480600981e-01
 -3.212938436451337e-02
 -8.036665658432410e-02
 -3.518387220638082e-01
 -3.872169135497452e-01
 -2.841514637012234e-01
 -6.819755557369359e-01
 -1.752030776414586e-02
 -1.194938430202055e-02
 -2.382596952549444e-01
 -1.500183593553385e-01
 -3.314950764457342e-02
 -6.262953387144107e-02
 -1.663254593557317e-02
  1.736493169371538e-02
  7.515630064081968e-02
 -2.140017128249304e-01
  5.257124975032045e-01
  1.373551744099865e-01
  1.473898740660040e-01
 -1.667309296696883e-01
 -5.350479310173509e-03
  2.323160630879008e-04
 -5.377239320173820e-02
  1.118651753135196e-03
 -1.124572244938840e-03
  1.558618979322552e-03
  3.951761991786411e-03
 -6.329155263479860e-01
 -1.524558437681836e+00
 -4.294147144163618e-01
  1.576789857353397e-01
  7.235500606597668e-02
  6.340400985929252e-01
  1.505836265524004e+00
  6.517405404697101e+00
  4.053867783565565e+00
  5.454209492039572e-01
 -2.911166740135584e-01
 -1.755166561742558e+00
 -5.956390905879104e-01
 -6.156834081815916e-01
  7.165780022740499e-01
  1.131212989946796e-02
  1.382340461046547e-01
 -9.257672490802824e-02
 -5.667546024854549e-02
 -1.131212989946794e-02
 -5.796309321521362e-03
 -1.637161945476854e-01
  3.113754329279891e-03
  0.000000000000000e+00
  0.000000000000000e+00
  0.000000000000000e+00
  0.000000000000000e+00
  0.000000000000000e+00
  0.000000000000000e+00
 -3.271211594080078e-01
 -1.838701305264701e-01
 -3.804087342607246e-05
 -6.023922140343408e-04
  5.478796290066196e-04
  8.910422043774778e-04
  3.368657200336976e-03
  2.911166740135585e-01
  9.966176175217680e-01
 -9.225141947693646e-01
 -7.604734284519715e-02
  9.308435644126479e-01
 -1.391059668981590e-02
 -2.063513740386614e-01
 -8.201970353904980e-02
 -5.021245299121384e-02
  2.506020142468669e-01
  2.588948204942916e-01
  9.996875571455472e-03
  1.223226641149292e-01
 -1.210570430749082e-01
  1.295841190974297e+00
  4.446461823561459e-02
  2.771260235283109e-03
  6.460083522838719e+00
  7.067824053136621e-01
  1.016935427520948e-01
  8.246952219861148e-02
 -5.396246398824359e-01
 -1.349787086669817e+00
 -3.124982211176288e-02
 -3.439206348896671e-02
 -1.350967816223157e-03
 -3.242380015399988e-03
 -5.594891209927736e+00
 -3.815886461323391e+00
 -6.357445582551529e-01
 -4.002916040687048e-01
  4.169284657312608e-02
  7.877050768432303e-02
  2.091910966665120e-02
 -2.184024693885333e-02
 -6.596306259445558e-02
  1.878246834667199e-01
 -4.614065099507703e-01
 -1.205536713492433e-01
 -1.293609106077298e-01
  1.463361375754041e-01
  3.721318309589848e-01
 -1.615784248594357e-02
  3.739930196377189e+00
  2.156425357352356e-01
 -2.167838291375471e-01
  3.004550325909688e-01
  4.976069281718829e-03
 -7.969689255398209e-01
 -1.919728067050013e+00
 -5.407201582399384e-01
  1.985498010560889e-01
  1.156868262383744e-01
  1.013752754677367e+00
  2.407648452606988e+00
  2.064902472676784e+00
  1.284382525008559e+00
 -5.351025957077139e-01
  2.856092860859281e-01
  1.721962063354152e+00
  5.843707029290992e-01
  6.040358191832932e-01
 -7.030216745497720e-01
 -1.084267698314711e-02
 -1.324973389897804e-01
  8.873479470763758e-02
  5.432343102558208e-02
  1.084267698314731e-02
  5.555762727814666e-03
  1.569219793413217e-01
 -2.984533655226706e-03
  0.000000000000000e+00
  0.000000000000000e+00
  0.000000000000000e+00
  0.000000000000000e+00
  0.000000000000000e+00
  0.000000000000000e+00
  4.480224296750929e-01
  2.518270073761819e-01
  3.691030364906757e-04
  5.844891963127890e-03
 -5.315967181740044e-03
 -8.645605467398655e-03
 -3.268541149447866e-02
 -2.856092860859280e-01
 -9.777634592919047e-01
  9.050619359574771e-01
  7.460866806185408e-02
 -9.132337293644502e-01
  5.007015360280238e-03
  7.427463555053185e-02
  8.493487373142379e-02
  5.199711984478612e-02
 -3.432224424355140e-01
 -3.545802011647863e-01
 -1.035218767848968e-02
 -1.266702948535586e-01
  3.381247760822826e-01
 -1.271640596090718e+00
  3.083856840921506e-01
  4.092058976615141e-01
  3.429238821586213e+00
 -5.360844972947411e-01
 -2.840405274956957e-01
 -2.303458602550167e-01
  5.295468329798999e-01
  1.324579020518578e+00
 -2.167340719901900e-01
 -2.385271806492341e-01
 -1.994846932492922e-01
 -4.787717183211274e-01
 -2.969964408634263e+00
 -2.025606316957536e+00
  4.822032910805581e-01
  3.036155423864074e-01
  5.689979529629864e-02
  1.075010734698185e-01
  2.854909548393613e-02
 -2.980620615245726e-02
 -2.163420225060377e-01
  6.160170601472644e-01
 -1.513295678430070e+00
 -3.953852967769214e-01
 -4.242707954019611e-01
  4.799452106010266e-01
  7.796617014694370e-01
 -3.385265628097908e-02
  7.835611193942033e+00
  5.251127274126549e-01
 -5.278918993845598e-01
  7.316402633217691e-01
 -1.457171926477363e-02
  2.333811445989982e+00
  5.621653733907952e+00
  1.583422959086036e+00
 -5.814251766339179e-01
 -2.060868390489513e-01
 -1.805919546605425e+00
 -4.289033378065688e+00
  2.031702533181456e-01
  1.263731950619027e-01
  2.331115437084751e-01
 -1.244225352502927e-01
 -7.501537798840671e-01
 -2.545746511986977e-01
 -2.631415421911790e-01
  3.062636382805572e-01
  8.154267156352397e-01
  9.964501398573089e+00
  8.353420068839786e-01
  5.113962797034262e-01
 -8.154267156352397e-01
 -4.178227720914339e-01
 -1.180136366915289e+01
  2.244527324725234e-01
  0.000000000000000e+00
  0.000000000000000e+00
  0.000000000000000e+00
  0.000000000000000e+00
  0.000000000000000e+00
  0.000000000000000e+00
  4.495891211566480e-01
  2.527076222765741e-01
 -1.062380747023976e-02
 -1.682321757387955e-01
  1.530082558893985e-01
  2.488444658233415e-01
  9.407766517024438e-01
  1.244225352502926e-01
  4.259518664375425e-01
 -3.942802496851855e-01
 -3.250244331730360e-02
  3.978402013491217e-01
  1.162564847365182e-01
  1.724561922196214e+00
  7.471127079535976e-01
  4.573823131340362e-01
 -3.444226584095941e-01
 -3.558201341321956e-01
 -9.106095800150450e-02
 -1.114230031171628e+00
  1.820585134904932e+00
 -4.435609504900401e-01
  1.495806956269645e+00
  1.007729039849073e+00
 -2.206631893735123e-01
  8.496009765408008e-01
 -1.529376131678024e+00
 -1.240264774223821e+00
  1.847112283829590e-01
  4.620264020719202e-01
 -1.051256103207108e+00
 -1.156962318548795e+00
 -4.912600711316741e-01
 -1.179044991208144e+00
  1.911099963670401e-01
  1.303428467861076e-01
 -7.642086071516943e-01
 -4.811779907946745e-01
 -5.478919055724030e-02
 -1.035134971712090e-01
 -2.749011353311452e-02
  2.870059373977397e-02
  3.424524734098700e-01
 -9.751067474846222e-01
  2.395428507489255e+00
  6.258639503445219e-01
  6.715874317802479e-01
 -7.597156695110198e-01
  2.292812744549725e-01
 -9.955318006720480e-03
  2.304280070823902e+00
  4.945663925937958e-02
 -4.971838973404722e-02
  6.890800142862848e-02
 -2.606272174071456e-03
  4.174214257556690e-01
  1.005479136176372e+00
  2.832082558732942e-01
 -1.039926882772746e-01
 -4.196131358389663e-02
 -3.677030360216215e-01
 -8.732895093124560e-01
 -3.933750492639202e-01
 -2.446817928374116e-01
 -1.516119701314089e-01
  8.092240048666340e-02
  4.878878611519049e-01
  1.655712274035598e-01
  1.711429944666934e-01
 -1.991889069097196e-01
  1.373137281884731e-01
  1.677971558132494e+00
  6.398576678298673e+00
  3.917207900133206e+00
 -1.373137281884731e-01
 -7.035923824647138e-02
 -1.987289859465759e+00
  3.779670313337989e-02
  0.000000000000000e+00
  0.000000000000000e+00
 -1.224299267619746e-16
 -6.945193879105921e-16
 -8.259985243940965e-18
  2.485020214136456e-16
 -2.610549388868136e-01
 -1.467352517781614e-01
  1.552265372399134e-02
  2.458073356978903e-01
 -2.235633674401847e-01
 -3.635915357961729e-01
 -1.374587240676292e+00
 -8.092240048666338e-02
 -2.770321907889230e-01
  2.564334845357620e-01
  2.113906238630298e-02
 -2.587488194040212e-01
 -1.371934699366761e-01
 -2.035143542856864e+00
 -1.019635572466567e+00
 -6.242207791725460e-01
  1.999897947064037e-01
  2.066077647332873e-01
  1.242770883867563e-01
  1.520665575084403e+00
  6.087063697907967e+00
 -5.330361398787538e-01
 -7.766564228500087e-01
  8.102964372213885e-02
 -1.581181675744420e-01
 -3.858503364507418e-01
 -5.113416424808025e+00
 -4.146782558106555e+00
  2.219712083778803e-01
  5.552264454533298e-01
  5.458356783232461e-01
  6.007207092666963e-01
 -3.950132125265932e-02
 -9.480484514396532e-02
  1.369415647281582e-01
  9.339832415532687e-02
  3.470689845350871e-01
  2.185292799412183e-01
  3.806194119765972e-02
  7.191061963907799e-02
  1.909732693935782e-02
 -1.993824512008307e-02
 -1.384073265346316e-01
  3.941040830027683e-01
 -9.681485209470676e-01
 -2.529523448292083e-01
 -2.714321787237072e-01
  3.070505337470207e-01
  5.079610634808137e-01
 -2.205550337245937e-02
  5.105015915999803e+00
  3.397330202581639e-01
 -3.415310655892765e-01
  4.733504701466750e-01
 -8.680292458099240e-03
  1.390238552167662e+00
  3.348787992810996e+00
  9.432362866722591e-01
 -3.463517573993571e-01
 -1.196757692789575e-01
 -1.048707486578388e+00
 -2.490665446429676e+00
  2.665306153603850e-01
  1.657837448879069e-01
  1.078100157671989e-01
 -5.754324849696937e-02
 -3.469330156307691e-01
 -1.177363279528697e-01
 -1.216983653461372e-01
  1.416415813076962e-01
 -6.391926486833405e-02
 -7.810923924415419e-01
  5.231053968287147e-01
  3.202450632512539e-01
  6.391926486833416e-02
  3.275208418518463e-02
  9.250794408771267e-01
 -1.759428944654576e-02
  0.000000000000000e+00
  0.000000000000000e+00
  0.000000000000000e+00
  0.000000000000000e+00
  0.000000000000000e+00
  0.000000000000000e+00
  3.088281185453948e-01
  1.735878735877208e-01
 -6.550709745557652e-03
 -1.037330689788587e-01
  9.434589960456440e-02
  1.534391386481200e-01
  5.800890874541813e-01
  5.754324849696930e-02
  1.969952954973704e-01
 -1.823477261529950e-01
 -1.503181211348819e-02
  1.839941415939198e-01
  7.230122770057332e-02
  1.072524638114060e+00
  4.682345941695349e-01
  2.866531642290576e-01
 -2.365880235433391e-01
 -2.444170852753542e-01
 -5.707022549691621e-02
 -6.983163864073355e-01
  1.149948420549942e+00
  3.375423313654239e-01
  9.468913490209885e-01
  6.516565825010052e-01
  9.720090616036137e-02
  4.893347297255236e-01
 -9.660101213238567e-01
 -7.833967721904359e-01
 -1.405620999523835e-01
 -3.515942256310872e-01
 -6.654771229402434e-01
 -7.323923758913401e-01
 -3.176775168857034e-01
 -7.624395042745811e-01
 -8.418288920738981e-02
 -5.741529819767753e-02
 -4.401522862615668e-01
 -2.771384550828316e-01
  3.806194119765971e-02
  7.191061963907799e-02
  1.909732693935782e-02
 -1.993824512008306e-02
 -1.384073265346317e-01
  3.941040830027686e-01
 -9.681485209470684e-01
 -2.529523448292085e-01
 -2.714321787237075e-01
  3.070505337470210e-01
  5.079610634808137e-01
 -2.205550337245937e-02
  5.105015915999804e+00
  3.397330202581631e-01
 -3.415310655892757e-01
  4.733504701466739e-01
 -8.680292458099240e-03
  1.390238552167662e+00
  3.348787992810996e+00
  9.432362866722591e-01
 -3.463517573993571e-01
 -1.196757692789576e-01
 -1.048707486578388e+00
 -2.490665446429676e+00
  2.665306153603849e-01
  1.657837448879069e-01
  1.078100157671988e-01
 -5.754324849696934e-02
 -3.469330156307689e-01
 -1.177363279528697e-01
 -1.216983653461371e-01
  1.416415813076962e-01
 -6.391926486833405e-02
 -7.810923924415420e-01
  5.231053968287149e-01
  3.202450632512540e-01
  6.391926486833394e-02
  3.275208418518452e-02
  9.250794408771236e-01
 -1.759428944654570e-02
  0.000000000000000e+00
  0.000000000000000e+00
  0.000000000000000e+00
  0.000000000000000e+00
  0.000000000000000e+00
  0.000000000000000e+00
  3.088281185453948e-01
  1.735878735877207e-01
 -6.550709745557650e-03
 -1.037330689788587e-01
  9.434589960456435e-02
  1.534391386481200e-01
  5.800890874541810e-01
  5.754324849696932e-02
  1.969952954973705e-01
 -1.823477261529951e-01
 -1.503181211348819e-02
  1.839941415939198e-01
  7.230122770057344e-02
  1.072524638114061e+00
  4.682345941695350e-01
  2.866531642290577e-01
 -2.365880235433390e-01
 -2.444170852753541e-01
 -5.707022549691625e-02
 -6.983163864073360e-01
  1.149948420549942e+00
  3.375423313654239e-01
  9.468913490209885e-01
  6.516565825010052e-01
  9.720090616036127e-02
  4.893347297255236e-01
 -9.660101213238567e-01
 -7.833967721904359e-01
 -1.405620999523834e-01
 -3.515942256310871e-01
 -6.654771229402433e-01
 -7.323923758913400e-01
 -3.176775168857034e-01
 -7.624395042745812e-01
 -8.418288920738977e-02
 -5.741529819767750e-02
 -4.401522862615668e-01
 -2.771384550828316e-01
  3.806194119765974e-02
  7.191061963907804e-02
  1.909732693935783e-02
 -1.993824512008308e-02
 -1.384073265346318e-01
  3.941040830027687e-01
 -9.681485209470685e-01
 -2.529523448292085e-01
 -2.714321787237075e-01
  3.070505337470210e-01
  5.079610634808138e-01
 -2.205550337245938e-02
  5.105015915999805e+00
  3.397330202581627e-01
 -3.415310655892752e-01
  4.733504701466733e-01
 -8.680292458099242e-03
  1.390238552167662e+00
  3.348787992810997e+00
  9.432362866722592e-01
 -3.463517573993571e-01
 -1.196757692789576e-01
 -1.048707486578388e+00
 -2.490665446429677e+00
  2.665306153603851e-01
  1.657837448879070e-01
  1.078100157671989e-01
 -5.754324849696938e-02
 -3.469330156307692e-01
 -1.177363279528697e-01
 -1.216983653461372e-01
  1.416415813076963e-01
 -6.391926486833406e-02
 -7.810923924415422e-01
  5.231053968287149e-01
  3.202450632512540e-01
  6.391926486833406e-02
  3.275208418518458e-02
  9.250794408771253e-01
 -1.759428944654573e-02
  0.000000000000000e+00
  0.000000000000000e+00
  2.448598535239493e-16
  1.389038775821184e-15
  1.651997048788193e-17
 -4.970040428272911e-16
  3.088281185453949e-01
  1.735878735877208e-01
 -6.550709745557650e-03
 -1.037330689788587e-01
  9.434589960456435e-02
  1.534391386481200e-01
  5.800890874541810e-01
  5.754324849696935e-02
  1.969952954973706e-01
 -1.823477261529952e-01
 -1.503181211348820e-02
  1.839941415939199e-01
  7.230122770057358e-02
  1.072524638114064e+00
  4.682345941695351e-01
  2.866531642290577e-01
 -2.365880235433392e-01
 -2.444170852753544e-01
 -5.707022549691623e-02
 -6.983163864073357e-01
  1.149948420549942e+00
  3.375423313654240e-01
  9.468913490209886e-01
  6.516565825010054e-01
  9.720090616036128e-02
  4.893347297255238e-01
 -9.660101213238571e-01
 -7.833967721904362e-01
 -1.405620999523835e-01
 -3.515942256310872e-01
 -6.654771229402436e-01
 -7.323923758913403e-01
 -3.176775168857035e-01
 -7.624395042745814e-01
 -8.418288920738978e-02
 -5.741529819767751e-02
 -4.401522862615668e-01
 -2.771384550828316e-01
 -1.118687878279073e-01
 -2.113542714282789e-01
 -5.612942346699222e-02
  5.860098678142365e-02
 -2.673791738319898e-01
  7.613413737222042e-01
 -1.870296595987774e+00
 -4.886604681463536e-01
 -5.243603320406770e-01
  5.931688740292770e-01
 -2.003463838709660e-01
  8.698974513610591e-03
 -2.013484008726427e+00
  1.337126518561175e-01
 -1.344203293412141e-01
  1.863020161318303e-01
 -6.557433301423908e-03
  1.050240717454333e+00
  2.529805765124636e+00
  7.125576778884822e-01
 -2.616476989618122e-01
 -1.045110394189970e-01
 -9.158203881131204e-01
 -2.175060467291387e+00
 -7.356105372002387e-01
 -4.575544519385317e-01
 -3.344616134906681e-01
  1.785178083950009e-01
  1.076298666272471e+00
  3.652562513172740e-01
  3.775477755307949e-01
 -4.394180956604141e-01
 -3.492336333347265e-02
 -4.267629403191280e-01
  2.858074145999756e-01
  1.749712660605880e-01
  3.492336333347258e-02
  1.789465098329586e-02
  5.054326812522920e-01
 -9.612935383435574e-03
  0.000000000000000e+00
  0.000000000000000e+00
  2.448598535239493e-16
  1.389038775821185e-15
  1.651997048788193e-17
 -4.970040428272912e-16
  6.932915936790003e+00
  3.896893006045687e+00
 -9.424195804532439e-03
 -1.492358525157967e-01
  1.357309766061821e-01
  2.207456203779007e-01
  8.345466913639538e-01
 -1.785178083950009e-01
 -6.111432589379855e-01
  5.657017510987224e-01
  4.663355345408889e-02
 -5.708094654509466e-01
  4.651435362065170e-02
  6.899992139926453e-01
  2.505067703438636e-01
  1.533602157423474e-01
  1.357081412337847e+00
  1.401989324384448e+00
 -3.053272451469517e-02
 -3.736011495420620e-01
  6.755984776415943e-01
 -7.601960314637237e-01
  2.729184654717627e+00
  2.921310725993124e-01
 -1.961834302572817e-01
  6.737884701859402e+00
 -5.675341221310244e-01
 -4.602481791557986e-01
  3.165669625073723e-01
  7.918430080432050e-01
 -1.918076402189086e+00
 -2.110943389208770e+00
 -1.424116263697276e-01
 -3.417939389501644e-01
  1.699087861015166e-01
  1.158829747027456e-01
 -6.060668037508313e+00
 -3.816052373488748e+00
  3.600981140703673e-01
  6.803352035879789e-01
  1.806768440667658e-01
 -1.886326403671726e-01
 -2.053197299337777e+00
  5.846319404752084e+00
 -1.436195596241796e+01
 -3.752410253618593e+00
 -4.026548523567056e+00
  4.554927419191651e+00
 -1.104135146550342e-01
  4.794118722706351e-03
 -1.109657393409086e+00
  4.629370641680042e-01
 -4.653871699192607e-01
  6.450108288141310e-01
 -5.922526518881122e-03
  9.485538341627311e-01
  2.284863763435545e+00
  6.435660950772475e-01
 -2.363143267304095e-01
 -5.513772236140441e-02
 -4.831666642434727e-01
 -1.147513993081383e+00
  2.403945472209090e+00
  1.495269435934323e+00
  1.063322395148723e+00
 -5.675449018443772e-01
 -3.421775263749817e+00
 -1.161224894959625e+00
 -1.200302183472180e+00
  1.397000681402139e+00
 -5.583095945733359e-02
 -6.822534299270334e-01
  4.569119538908360e-01
  2.797214451640173e-01
  5.583095945733349e-02
  2.860765511075366e-02
  8.080204436770713e-01
 -1.536791862037395e-02
  0.000000000000000e+00
  0.000000000000000e+00
  4.471189045359949e-16
  2.536412102126991e-15
  3.016579076237291e-17
 -9.075391493573861e-16
  1.968868037652700e+00
  1.106672597173898e+00
 -9.398575026444186e-02
 -1.488301374033965e+00
  1.353619760778127e+00
  2.201454976012776e+00
  8.322778786156620e+00
  5.675449018443769e-01
  1.942950364589646e+00
 -1.798482446580984e+00
 -1.482576766749985e-01
  1.814720923104671e+00
  1.424242155804919e-01
  2.112737018889302e+00
  3.488234569794113e-01
  2.135496798945673e-01
 -1.508316664427805e+00
 -1.558229183668532e+00
 -4.251593879716824e-02
 -5.202288318828922e-01
  2.504882173475650e+00
  2.622133668872372e+00
  6.015334753077616e+00
  9.594638838774874e-01
  6.990916478604279e-01
  3.094655204170379e+00
 -2.104217449286971e+00
 -1.706438805733344e+00
 -1.091930050259477e+00
 -2.731293147970538e+00
 -4.227589225669248e+00
 -4.652683030786259e+00
 -4.677311828907106e-01
 -1.122574662232906e+00
 -6.054630256281059e-01
 -4.129442513960924e-01
 -2.783615142278751e+00
 -1.752681569891622e+00
 -1.687281754335127e-01
 -3.187790024419718e-01
 -8.465824465971375e-02
  8.838602589887354e-02
  3.825391802322565e-01
 -1.089250523167512e+00
  2.675831914530149e+00
  6.991261593697539e-01
  7.502019274365624e-01
 -8.486462560207905e-01
 -2.723348477388687e-02
  1.182469008861286e-03
 -2.736969094956666e-01
  5.693842312101907e-03
 -5.723977112003271e-03
  7.933238085972310e-03
  2.011413254672506e-02
 -3.221486216605053e+00
 -7.759872824956800e+00
 -2.185684386164224e+00
  8.025726310202375e-01
  3.682808290213475e-01
  3.227210193717056e+00
  7.664578560492505e+00
  6.196712569296306e+00
  3.854394791918516e+00
  2.776146258011267e+00
 -1.481759119056519e+00
 -8.933648569384200e+00
 -3.031752327948287e+00
 -3.133776200268011e+00
  3.647321105816922e+00
  5.757777939475865e-02
  7.035995415711281e-01
 -4.712076586120543e-01
 -2.884732739358524e-01
 -5.757777939475859e-02
 -2.950272162575122e-02
 -8.333015105722379e-01
  1.584874479466370e-02
  0.000000000000000e+00
  0.000000000000000e+00
  1.299149697335045e-16
  7.369804723901919e-16
  8.764978966720054e-18
 -2.636947798999708e-16
 -1.665018888497542e+00
 -9.358833311520317e-01
 -1.936248113817403e-04
 -3.066125152118267e-03
  2.788660729161842e-03
  4.535329061017617e-03
  1.714617873568448e-02
  1.481759119056519e+00
  5.072698937562346e+00
 -4.695518816263076e+00
 -3.870745092932749e-01
  4.737914599557690e+00
 -7.080375442765618e-02
 -1.050310949201718e+00
 -4.174733174357406e-01
 -2.555771165016219e-01
  1.275542945530258e+00
  1.317752624248689e+00
  5.088324669231277e-02
  6.226119600801098e-01
 -6.161700565935589e-01
  6.595721485488655e+00
  2.263211262949514e-01
  1.410547897616542e-02
  1.733337908581724e+00
  3.597462350141589e+00
  5.176114862972858e-01
  4.197628561678856e-01
 -2.746643536385516e+00
 -6.870301507925936e+00
 -1.590589375888590e-01
 -1.750526790353955e-01
 -6.876311320963028e-03
 -1.650343860084700e-02
 -1.501193753033234e+00
 -1.023859929190072e+00
 -3.235885748479172e+00
 -2.037450230634814e+00
  4.839003794548312e-02
  9.142354550303769e-02
  2.427938108710132e-02
 -2.534848217322362e-02
 -1.900773912968546e-01
  5.412305682955415e-01
 -1.329576618933402e+00
 -3.473842247471476e-01
 -3.727629290846426e-01
  4.216782876471291e-01
  5.588858948719939e-01
 -2.426664290900876e-02
  5.616811196114617e+00
  3.837355474039046e-01
 -3.857664771877308e-01
  5.346592498945207e-01
 -9.787412037585673e-03
  1.567555195436468e+00
  3.775905946760900e+00
  1.063540454544226e+00
 -3.905268602380383e-01
 -1.348626531150825e-01
 -1.181788718248740e+00
 -2.806731489183985e+00
  3.216667321956903e-01
  2.000787616730319e-01
  1.433963058601233e-01
 -7.653731615691876e-02
 -4.614498241962113e-01
 -1.565991283262025e-01
 -1.618689682555561e-01
  1.883951075526092e-01
 -1.084168833858323e-03
 -1.324852577690519e-02
  8.872670379313850e-03
  5.431847776866440e-03
  1.084168833858331e-03
  5.555256148615800e-04
  1.569076710609876e-02
 -2.984261522894544e-04
  0.000000000000000e+00
  0.000000000000000e+00
  0.000000000000000e+00
  0.000000000000000e+00
  0.000000000000000e+00
  0.000000000000000e+00
  3.745462663435196e-01
  2.105271056308781e-01
 -8.968466968695989e-03
 -1.420192069003295e-01
  1.291673905730978e-01
  2.100709541594385e-01
  7.941902514093061e-01
  7.653731615691883e-02
  2.620201606049751e-01
 -2.425376726481143e-01
 -1.999356286258400e-02
  2.447275423968534e-01
  9.573843879219590e-02
  1.420194894123364e+00
  6.316060139176610e-01
  3.866691284455711e-01
 -2.869335904292830e-01
 -2.964286644352083e-01
 -7.698255978591383e-02
 -9.419654907266983e-01
  7.556527381287298e-01
  3.456823483488736e-01
  1.157058298211445e+00
  7.373838731646958e-01
  9.136555378484712e-02
  6.036048537990689e-01
 -6.347834217549903e-01
 -5.147847550099768e-01
 -1.439518314749849e-01
 -3.600731116906300e-01
 -8.131828727382525e-01
 -8.949502780314107e-01
 -3.594689044948944e-01
 -8.627406057313849e-01
 -7.912905954757622e-02
 -5.396843221706691e-02
 -5.429372579936484e-01
 -3.418562110974707e-01
 -5.478919055724030e-02
 -1.035134971712090e-01
 -2.749011353311452e-02
  2.870059373977397e-02
  3.424524734098700e-01
 -9.751067474846222e-01
  2.395428507489255e+00
  6.258639503445219e-01
  6.715874317802479e-01
 -7.597156695110198e-01
  2.292812744549725e-01
 -9.955318006720480e-03
  2.304280070823902e+00
  4.945663925937958e-02
 -4.971838973404722e-02
  6.890800142862848e-02
 -2.606272174071456e-03
  4.174214257556690e-01
  1.005479136176372e+00
  2.832082558732942e-01
 -1.039926882772746e-01
 -4.196131358389663e-02
 -3.677030360216215e-01
 -8.732895093124560e-01
 -3.933750492639202e-01
 -2.446817928374116e-01
 -1.516119701314089e-01
  8.092240048666340e-02
  4.878878611519049e-01
  1.655712274035598e-01
  1.711429944666934e-01
 -1.991889069097196e-01
  1.373137281884731e-01
  1.677971558132494e+00
 -1.123754355154454e+00
 -6.879622858548868e-01
 -1.373137281884731e-01
 -7.035923824647138e-02
 -1.987289859465759e+00
  3.779670313337989e-02
  0.000000000000000e+00
  0.000000000000000e+00
 -1.224299267619746e-16
 -6.945193879105921e-16
 -8.259985243940965e-18
  2.485020214136456e-16
 -2.610549388868136e-01
 -1.467352517781614e-01
  1.552265372399134e-02
  2.458073356978903e-01
 -2.235633674401847e-01
 -3.635915357961729e-01
 -1.374587240676292e+00
 -8.092240048666338e-02
 -2.770321907889230e-01
  2.564334845357620e-01
  2.113906238630298e-02
 -2.587488194040212e-01
 -1.371934699366761e-01
 -2.035143542856864e+00
  6.502695460986561e+00
  3.980949406815546e+00
  1.999897947064037e-01
  2.066077647332873e-01
  1.242770883867563e-01
  1.520665575084403e+00
  6.087063697907967e+00
 -5.330361398787538e-01
 -7.766564228500087e-01
  8.102964372213885e-02
 -1.581181675744420e-01
 -3.858503364507418e-01
 -5.113416424808025e+00
 -4.146782558106555e+00
  2.219712083778803e-01
  5.552264454533298e-01
  5.458356783232461e-01
  6.007207092666963e-01
 -3.950132125265932e-02
 -9.480484514396532e-02
  1.369415647281582e-01
  9.339832415532687e-02
  3.470689845350871e-01
  2.185292799412183e-01
  1.499649940673931e-01
  2.833296281856472e-01
  7.524394266417379e-02
 -7.855718119104582e-02
  6.925373497121287e-02
 -1.971946167785953e-01
  4.844245081611597e-01
  1.265676831404268e-01
  1.358142855485835e-01
 -1.536363487345083e-01
 -5.626952316010400e-01
  2.443204306487618e-02
 -5.655095084446379e+00
  2.532767092377994e-01
 -2.546171824251820e-01
  3.528907767158205e-01
 -4.729972091301164e-03
  7.575539169614460e-01
  1.824785722617108e+00
  5.139782251575518e-01
 -1.887302938443622e-01
 -5.739383133484980e-02
 -5.029367345362640e-01
 -1.194467630374846e+00
  1.006597818914465e+00
  6.261102717599569e-01
  4.408151396341596e-01
 -2.352836602488678e-01
 -1.418544693094345e+00
 -4.814019873499361e-01
 -4.976020227021278e-01
  5.791461303278276e-01
 -4.872513151978240e-02
 -5.954203263947451e-01
  3.987589549362005e-01
  2.441201859505220e-01
  4.872513151978232e-02
  2.496664523219030e-02
  7.051804728329225e-01
 -1.341198258531227e-02
  0.000000000000000e+00
  0.000000000000000e+00
  0.000000000000000e+00
  0.000000000000000e+00
  0.000000000000000e+00
  0.000000000000000e+00
  2.004207900968568e+00
  1.126536629486683e+00
  3.326367765289675e-04
  5.267434373501951e-03
 -4.790765755492393e-03
 -7.791445882318978e-03
 -2.945619202274133e-02
  2.352836602488677e-01
  8.054771912793517e-01
 -7.455859995390164e-01
 -6.146228908889361e-02
  7.523178866213285e-01
  4.851222319156587e-02
  7.196358385243589e-01
  3.619420887506575e-01
  2.215809047429859e-01
  5.151099128496407e+00
  5.321556924545159e+00
 -4.411488787679339e-02
 -5.397937159114912e-01
  8.315211888163311e-01
  1.118516795242786e+00
  6.248145782551001e+00
  5.696680653711212e-01
  3.013746095047429e-01
  3.296216239082649e+00
 -6.985164465965161e-01
 -5.664697682832960e-01
 -4.657817848663499e-01
 -1.165080672660888e+00
 -4.391209280116774e+00
 -4.832755457454868e+00
 -2.777087523026766e-01
 -6.665127753266383e-01
 -2.610118193754484e-01
 -1.780180222330050e-01
 -2.964917520688815e+00
 -1.866837198803995e+00
  4.839003794548311e-02
  9.142354550303766e-02
  2.427938108710131e-02
 -2.534848217322361e-02
 -1.900773912968546e-01
  5.412305682955414e-01
 -1.329576618933401e+00
 -3.473842247471476e-01
 -3.727629290846426e-01
  4.216782876471290e-01
  5.588858948719939e-01
 -2.426664290900876e-02
  5.616811196114616e+00
  3.837355474039045e-01
 -3.857664771877307e-01
  5.346592498945206e-01
 -9.787412037585671e-03
  1.567555195436467e+00
  3.775905946760899e+00
  1.063540454544226e+00
 -3.905268602380383e-01
 -1.348626531150825e-01
 -1.181788718248740e+00
 -2.806731489183985e+00
  3.216667321956903e-01
  2.000787616730319e-01
  1.433963058601232e-01
 -7.653731615691875e-02
 -4.614498241962112e-01
 -1.565991283262024e-01
 -1.618689682555561e-01
  1.883951075526092e-01
 -1.084168833858323e-03
 -1.324852577690519e-02
  8.872670379313849e-03
  5.431847776866439e-03
  1.084168833858331e-03
  5.555256148615799e-04
  1.569076710609876e-02
 -2.984261522894544e-04
  0.000000000000000e+00
  0.000000000000000e+00
  0.000000000000000e+00
  0.000000000000000e+00
  0.000000000000000e+00
  0.000000000000000e+00
  3.745462663435196e-01
  2.105271056308780e-01
 -8.968466968695988e-03
 -1.420192069003295e-01
  1.291673905730978e-01
  2.100709541594385e-01
  7.941902514093060e-01
  7.653731615691881e-02
  2.620201606049750e-01
 -2.425376726481143e-01
 -1.999356286258399e-02
  2.447275423968533e-01
 -8.205526999042885e-01
 -1.217217211252670e+01
  6.316060139176609e-01
  3.866691284455710e-01
 -2.869335904292830e-01
 -2.964286644352083e-01
  8.393085789105705e-01
  1.026985488145961e+01
  7.556527381287296e-01
  3.456823483488735e-01
  1.157058298211445e+00
  7.373838731646957e-01
  9.136555378484709e-02
  6.036048537990688e-01
 -6.347834217549903e-01
 -5.147847550099768e-01
 -1.439518314749849e-01
 -3.600731116906299e-01
 -8.131828727382524e-01
 -8.949502780314105e-01
 -3.594689044948943e-01
 -8.627406057313847e-01
 -7.912905954757621e-02
 -5.396843221706690e-02
 -5.429372579936483e-01
 -3.418562110974706e-01
  0.000000000000000e+00
  0.000000000000000e+00
  0.000000000000000e+00
  0.000000000000000e+00
  0.000000000000000e+00
  0.000000000000000e+00
  0.000000000000000e+00
  0.000000000000000e+00
  0.000000000000000e+00
  0.000000000000000e+00
  0.000000000000000e+00
  0.000000000000000e+00
  0.000000000000000e+00
  0.000000000000000e+00
  0.000000000000000e+00
  0.000000000000000e+00
  0.000000000000000e+00
  0.000000000000000e+00
  0.000000000000000e+00
  0.000000000000000e+00
  0.000000000000000e+00
  0.000000000000000e+00
  0.000000000000000e+00
  0.000000000000000e+00
  0.000000000000000e+00
  0.000000000000000e+00
  0.000000000000000e+00
  0.000000000000000e+00
  0.000000000000000e+00
  0.000000000000000e+00
  0.000000000000000e+00
  0.000000000000000e+00
  0.000000000000000e+00
  0.000000000000000e+00
  0.000000000000000e+00
  0.000000000000000e+00
  0.000000000000000e+00
  0.000000000000000e+00
  0.000000000000000e+00
  0.000000000000000e+00
  0.000000000000000e+00
  0.000000000000000e+00
  0.000000000000000e+00
  0.000000000000000e+00
  0.000000000000000e+00
  0.000000000000000e+00
  0.000000000000000e+00
  0.000000000000000e+00
  0.000000000000000e+00
  0.000000000000000e+00
  0.000000000000000e+00
  0.000000000000000e+00
  0.000000000000000e+00
  0.000000000000000e+00
  0.000000000000000e+00
  0.000000000000000e+00
  0.000000000000000e+00
  0.000000000000000e+00
  0.000000000000000e+00
  0.000000000000000e+00
  0.000000000000000e+00
  0.000000000000000e+00
  0.000000000000000e+00
  0.000000000000000e+00
  0.000000000000000e+00
  0.000000000000000e+00
  6.966024187106113e+00
  0.000000000000000e+00
  0.000000000000000e+00
  0.000000000000000e+00
  0.000000000000000e+00
  0.000000000000000e+00
  0.000000000000000e+00
  0.000000000000000e+00
  0.000000000000000e+00
  0.000000000000000e+00
  0.000000000000000e+00
  0.000000000000000e+00
  0.000000000000000e+00
  0.000000000000000e+00
  0.000000000000000e+00
  0.000000000000000e+00
  0.000000000000000e+00
  0.000000000000000e+00
  0.000000000000000e+00
  0.000000000000000e+00
  0.000000000000000e+00
  0.000000000000000e+00
  0.000000000000000e+00
  0.000000000000000e+00
  0.000000000000000e+00
  0.000000000000000e+00
  0.000000000000000e+00
  0.000000000000000e+00
  0.000000000000000e+00
  0.000000000000000e+00
  0.000000000000000e+00
  0.000000000000000e+00
  0.000000000000000e+00
  0.000000000000000e+00
  0.000000000000000e+00
  0.000000000000000e+00
  0.000000000000000e+00
  0.000000000000000e+00
  0.000000000000000e+00
  0.000000000000000e+00
  0.000000000000000e+00
  0.000000000000000e+00
  0.000000000000000e+00
  0.000000000000000e+00
  0.000000000000000e+00
  0.000000000000000e+00
  0.000000000000000e+00
  0.000000000000000e+00
  0.000000000000000e+00
  0.000000000000000e+00
  0.000000000000000e+00
  0.000000000000000e+00
  0.000000000000000e+00
  0.000000000000000e+00
  0.000000000000000e+00
  0.000000000000000e+00
  0.000000000000000e+00
  0.000000000000000e+00
  0.000000000000000e+00
  0.000000000000000e+00
  0.000000000000000e+00
  0.000000000000000e+00
  0.000000000000000e+00
  0.000000000000000e+00
  0.000000000000000e+00
  0.000000000000000e+00
  0.000000000000000e+00
  0.000000000000000e+00
  0.000000000000000e+00
  0.000000000000000e+00
  0.000000000000000e+00
  0.000000000000000e+00
  0.000000000000000e+00
  0.000000000000000e+00
  0.000000000000000e+00
  0.000000000000000e+00
  0.000000000000000e+00
  0.000000000000000e+00
  0.000000000000000e+00
  0.000000000000000e+00
  0.000000000000000e+00
  0.000000000000000e+00
  0.000000000000000e+00
  0.000000000000000e+00
  0.000000000000000e+00
  7.635303886259415e+00
  0.000000000000000e+00
  0.000000000000000e+00
  0.000000000000000e+00
  0.000000000000000e+00
  0.000000000000000e+00
  0.000000000000000e+00
  0.000000000000000e+00
  0.000000000000000e+00
  0.000000000000000e+00
  0.000000000000000e+00
  0.000000000000000e+00
  0.000000000000000e+00
  0.000000000000000e+00
  0.000000000000000e+00
  0.000000000000000e+00
  0.000000000000000e+00
  0.000000000000000e+00
  0.000000000000000e+00
  0.000000000000000e+00
  0.000000000000000e+00
  0.000000000000000e+00
  0.000000000000000e+00
  0.000000000000000e+00
  0.000000000000000e+00
  0.000000000000000e+00
  0.000000000000000e+00
  0.000000000000000e+00
  0.000000000000000e+00
  0.000000000000000e+00
  0.000000000000000e+00
  0.000000000000000e+00
  0.000000000000000e+00
  0.000000000000000e+00
  0.000000000000000e+00
  0.000000000000000e+00
  0.000000000000000e+00
  0.000000000000000e+00
  0.000000000000000e+00
  0.000000000000000e+00
  0.000000000000000e+00
  0.000000000000000e+00
  0.000000000000000e+00
  0.000000000000000e+00
  0.000000000000000e+00
  0.000000000000000e+00
  0.000000000000000e+00
  0.000000000000000e+00
  0.000000000000000e+00
  0.000000000000000e+00
  0.000000000000000e+00
  0.000000000000000e+00
  0.000000000000000e+00
  0.000000000000000e+00
  0.000000000000000e+00
  0.000000000000000e+00
  0.000000000000000e+00
  0.000000000000000e+00
  0.000000000000000e+00
  0.000000000000000e+00
  0.000000000000000e+00
  0.000000000000000e+00
  0.000000000000000e+00
  0.000000000000000e+00
  0.000000000000000e+00
  0.000000000000000e+00
  0.000000000000000e+00
  0.000000000000000e+00
  0.000000000000000e+00
  0.000000000000000e+00
  0.000000000000000e+00
  0.000000000000000e+00
  0.000000000000000e+00
  0.000000000000000e+00
  0.000000000000000e+00
  0.000000000000000e+00
  0.000000000000000e+00
  0.000000000000000e+00
  0.000000000000000e+00
  0.000000000000000e+00
  0.000000000000000e+00
  0.000000000000000e+00
  0.000000000000000e+00
  0.000000000000000e+00
  0.000000000000000e+00
  7.390181428226430e+00
  0.000000000000000e+00
  0.000000000000000e+00
  0.000000000000000e+00
  0.000000000000000e+00
  0.000000000000000e+00
  0.000000000000000e+00
  0.000000000000000e+00
  0.000000000000000e+00
  0.000000000000000e+00
  0.000000000000000e+00
  0.000000000000000e+00
  0.000000000000000e+00
  0.000000000000000e+00
  0.000000000000000e+00
  0.000000000000000e+00
  0.000000000000000e+00
  0.000000000000000e+00
  0.000000000000000e+00
  0.000000000000000e+00
  0.000000000000000e+00
  0.000000000000000e+00
  0.000000000000000e+00
  0.000000000000000e+00
  0.000000000000000e+00
  0.000000000000000e+00
  0.000000000000000e+00
  0.000000000000000e+00
  0.000000000000000e+00
  0.000000000000000e+00
  0.000000000000000e+00
  0.000000000000000e+00
  0.000000000000000e+00
  0.000000000000000e+00
  0.000000000000000e+00
  0.000000000000000e+00
  0.000000000000000e+00
  0.000000000000000e+00
  0.000000000000000e+00
  0.000000000000000e+00
  0.000000000000000e+00
  0.000000000000000e+00
  0.000000000000000e+00
  0.000000000000000e+00
  0.000000000000000e+00
  0.000000000000000e+00
  0.000000000000000e+00
  0.000000000000000e+00
  0.000000000000000e+00
  0.000000000000000e+00
  0.000000000000000e+00
  0.000000000000000e+00
  0.000000000000000e+00
  0.000000000000000e+00
  0.000000000000000e+00
  0.000000000000000e+00
  0.000000000000000e+00
  0.000000000000000e+00
  0.000000000000000e+00
  0.000000000000000e+00
  0.000000000000000e+00
  0.000000000000000e+00
  0.000000000000000e+00
  0.000000000000000e+00
  0.000000000000000e+00
  0.000000000000000e+00
  0.000000000000000e+00
  0.000000000000000e+00
  0.000000000000000e+00
  0.000000000000000e+00
  0.000000000000000e+00
  0.000000000000000e+00
  0.000000000000000e+00
  0.000000000000000e+00
  0.000000000000000e+00
  0.000000000000000e+00
  0.000000000000000e+00
  0.000000000000000e+00
  0.000000000000000e+00
  0.000000000000000e+00
  0.000000000000000e+00
  0.000000000000000e+00
  0.000000000000000e+00
  0.000000000000000e+00
  0.000000000000000e+00
  5.886104031450156e+00
  0.000000000000000e+00
  0.000000000000000e+00
  0.000000000000000e+00
  0.000000000000000e+00
  0.000000000000000e+00
  0.000000000000000e+00
  0.000000000000000e+00
  0.000000000000000e+00
  0.000000000000000e+00
  0.000000000000000e+00
  0.000000000000000e+00
  0.000000000000000e+00
  0.000000000000000e+00
  0.000000000000000e+00
  0.000000000000000e+00
  0.000000000000000e+00
  0.000000000000000e+00
  0.000000000000000e+00
  0.000000000000000e+00
  0.000000000000000e+00
  0.000000000000000e+00
  0.000000000000000e+00
  0.000000000000000e+00
  0.000000000000000e+00
  0.000000000000000e+00
  0.000000000000000e+00
  0.000000000000000e+00
  0.000000000000000e+00
  0.000000000000000e+00
  0.000000000000000e+00
  0.000000000000000e+00
  0.000000000000000e+00
  0.000000000000000e+00
  0.000000000000000e+00
  0.000000000000000e+00
  0.000000000000000e+00
  0.000000000000000e+00
  0.000000000000000e+00
  0.000000000000000e+00
  0.000000000000000e+00
  0.000000000000000e+00
  0.000000000000000e+00
  0.000000000000000e+00
  0.000000000000000e+00
  0.000000000000000e+00
  0.000000000000000e+00
  0.000000000000000e+00
  0.000000000000000e+00
  0.000000000000000e+00
  0.000000000000000e+00
  0.000000000000000e+00
  0.000000000000000e+00
  0.000000000000000e+00
  0.000000000000000e+00
  0.000000000000000e+00
  0.000000000000000e+00
  0.000000000000000e+00
  0.000000000000000e+00
  0.000000000000000e+00
  0.000000000000000e+00
  0.000000000000000e+00
  0.000000000000000e+00
  0.000000000000000e+00
  0.000000000000000e+00
  0.000000000000000e+00
  0.000000000000000e+00
  0.000000000000000e+00
  0.000000000000000e+00
  0.000000000000000e+00
  0.000000000000000e+00
  0.000000000000000e+00
  0.000000000000000e+00
  0.000000000000000e+00
  0.000000000000000e+00
  0.000000000000000e+00
  0.000000000000000e+00
  0.000000000000000e+00
  0.000000000000000e+00
  0.000000000000000e+00
  0.000000000000000e+00
  0.000000000000000e+00
  0.000000000000000e+00
  0.000000000000000e+00
  0.000000000000000e+00
  7.615791072035832e+00
  0.000000000000000e+00
  0.000000000000000e+00
  0.000000000000000e+00
  0.000000000000000e+00
  0.000000000000000e+00
  0.000000000000000e+00
  0.000000000000000e+00
  0.000000000000000e+00
  0.000000000000000e+00
  0.000000000000000e+00
  0.000000000000000e+00
  0.000000000000000e+00
  0.000000000000000e+00
  0.000000000000000e+00
  0.000000000000000e+00
  0.000000000000000e+00
  0.000000000000000e+00
  0.000000000000000e+00
  0.000000000000000e+00
  0.000000000000000e+00
  0.000000000000000e+00
  0.000000000000000e+00
  0.000000000000000e+00
  0.000000000000000e+00
  0.000000000000000e+00
  0.000000000000000e+00
  0.000000000000000e+00
  0.000000000000000e+00
  0.000000000000000e+00
  0.000000000000000e+00
  0.000000000000000e+00
  0.000000000000000e+00
  0.000000000000000e+00
  0.000000000000000e+00
  0.000000000000000e+00
  0.000000000000000e+00
  0.000000000000000e+00
  0.000000000000000e+00
  0.000000000000000e+00
  0.000000000000000e+00
  0.000000000000000e+00
  0.000000000000000e+00
  0.000000000000000e+00
  0.000000000000000e+00
  0.000000000000000e+00
  0.000000000000000e+00
  0.000000000000000e+00
  0.000000000000000e+00
  0.000000000000000e+00
  0.000000000000000e+00
  0.000000000000000e+00
  0.000000000000000e+00
  0.000000000000000e+00
  0.000000000000000e+00
  0.000000000000000e+00
  0.000000000000000e+00
  0.000000000000000e+00
  0.000000000000000e+00
  0.000000000000000e+00
  0.000000000000000e+00
  0.000000000000000e+00
  0.000000000000000e+00
  0.000000000000000e+00
  0.000000000000000e+00
  0.000000000000000e+00
  0.000000000000000e+00
  0.000000000000000e+00
  0.000000000000000e+00
  0.000000000000000e+00
  0.000000000000000e+00
  0.000000000000000e+00
  0.000000000000000e+00
  0.000000000000000e+00
  0.000000000000000e+00
  0.000000000000000e+00
  0.000000000000000e+00
  0.000000000000000e+00
  0.000000000000000e+00
  0.000000000000000e+00
  0.000000000000000e+00
  0.000000000000000e+00
  0.000000000000000e+00
  0.000000000000000e+00
  0.000000000000000e+00
  7.528331766707247e+00
  0.000000000000000e+00
  0.000000000000000e+00
  0.000000000000000e+00
  0.000000000000000e+00
  0.000000000000000e+00
  0.000000000000000e+00
  0.000000000000000e+00
  0.000000000000000e+00
  0.000000000000000e+00
  0.000000000000000e+00
  0.000000000000000e+00
  0.000000000000000e+00
 -5.478919055724030e-02
 -1.035134971712090e-01
 -2.749011353311452e-02
  2.870059373977397e-02
  3.424524734098700e-01
 -9.751067474846222e-01
  2.395428507489255e+00
  6.258639503445219e-01
  6.715874317802479e-01
 -7.597156695110198e-01
  2.292812744549725e-01
 -9.955318006720480e-03
  2.304280070823902e+00
  4.945663925937958e-02
 -4.971838973404722e-02
  6.890800142862848e-02
 -2.606272174071456e-03
  4.174214257556690e-01
  1.005479136176372e+00
  2.832082558732942e-01
 -1.039926882772746e-01
 -4.196131358389663e-02
 -3.677030360216215e-01
 -8.732895093124560e-01
 -3.933750492639202e-01
 -2.446817928374116e-01
 -1.516119701314089e-01
  8.092240048666340e-02
  4.878878611519049e-01
  1.655712274035598e-01
  1.711429944666934e-01
 -1.991889069097196e-01
  1.373137281884731e-01
  1.677971558132494e+00
 -1.123754355154454e+00
 -6.879622858548868e-01
 -1.373137281884731e-01
 -7.035923824647138e-02
 -1.987289859465759e+00
  3.779670313337989e-02
  0.000000000000000e+00
  0.000000000000000e+00
 -1.224299267619746e-16
 -6.945193879105921e-16
 -8.259985243940965e-18
  2.485020214136456e-16
 -2.610549388868136e-01
 -1.467352517781614e-01
  1.552265372399134e-02
  2.458073356978903e-01
 -2.235633674401847e-01
 -3.635915357961729e-01
 -1.374587240676292e+00
 -8.092240048666338e-02
 -2.770321907889230e-01
  2.564334845357620e-01
  2.113906238630298e-02
 -2.587488194040212e-01
 -1.371934699366761e-01
 -2.035143542856864e+00
 -1.019635572466567e+00
 -6.242207791725460e-01
  1.999897947064037e-01
  2.066077647332873e-01
  1.242770883867563e-01
  1.520665575084403e+00
  6.087063697907967e+00
 -5.330361398787538e-01
 -7.766564228500087e-01
  8.102964372213885e-02
 -1.581181675744420e-01
 -3.858503364507418e-01
  2.408914608645103e+00
  1.953536393913511e+00
  2.219712083778803e-01
  5.552264454533298e-01
  5.458356783232461e-01
  6.007207092666963e-01
 -3.950132125265932e-02
 -9.480484514396532e-02
  1.369415647281582e-01
  9.339832415532687e-02
  3.470689845350871e-01
  2.185292799412183e-01
 -7.332835950218468e-03
 -1.385396436176354e-02
 -3.679201877980124e-03
  3.841209249984406e-03
  1.085761437828018e-01
 -3.091621134000522e-01
  7.594817098584274e-01
  1.984330660089798e-01
  2.129299077026120e-01
 -2.408713739034674e-01
 -2.741079897762973e-01
  1.190167933640751e-02
 -2.754789197663697e+00
 -2.151233477237260e-01
  2.162618933107697e-01
 -2.997316472422153e-01
  1.552484195434127e-02
 -2.486463895706267e+00
 -5.989360908972273e+00
 -1.686993191401424e+00
  6.194556600700989e-01
  2.590695446847116e-01
  2.270202002395499e+00
  5.391697643191458e+00
  1.644253523013705e+00
  1.022736191944657e+00
 -6.454717755291551e-01
  3.445184801499195e-01
  2.077130478047930e+00
  7.049018229634960e-01
  7.286230263484169e-01
 -8.480255041689002e-01
  6.890707822040178e-02
  8.420433916785267e-01
 -5.639248913616304e-01
 -3.452347530686927e-01
 -6.890707822040190e-02
 -3.530782826552435e-02
 -9.972661845206093e-01
  1.896722500834226e-02
  0.000000000000000e+00
  0.000000000000000e+00
  0.000000000000000e+00
  0.000000000000000e+00
  0.000000000000000e+00
  0.000000000000000e+00
  4.544927915403371e-02
  2.554639053465516e-02
  8.477608857096813e-03
  1.342462753666312e-01
 -1.220978588863326e-01
 -1.985734449172841e-01
 -7.507229867789132e-01
 -3.445184801499193e-01
 -1.179434974113650e+00
  1.091738181523281e+00
  8.999730113448239e-02
 -1.101595472521244e+00
 -8.488400566351662e-02
 -1.259178998079628e+00
 -4.995047746940045e-01
 -3.057967651183750e-01
 -3.481792777538728e-02
 -3.597010657908068e-02
  6.088155485207832e-02
  7.449521534738038e-01
 -1.102865143527363e+00
  8.168071016930416e+00
 -8.794625529060748e-01
 -4.168716099574636e-01
  3.159084648105445e+00
 -1.119602113545438e+00
  9.264579802572561e-01
  7.513215185664547e-01
  6.807796037946791e-01
  1.702864269263998e+00
  6.180880309517364e-01
  6.802382018763868e-01
  2.032216683873184e-01
  4.877406170321693e-01
 -2.735991704536986e+00
 -1.866029796095113e+00
  1.007072255543203e+00
  6.340951933444411e-01
  1.499649940673932e-01
  2.833296281856473e-01
  7.524394266417384e-02
 -7.855718119104586e-02
  6.925373497121290e-02
 -1.971946167785954e-01
  4.844245081611599e-01
  1.265676831404269e-01
  1.358142855485836e-01
 -1.536363487345084e-01
 -5.626952316010402e-01
  2.443204306487619e-02
 -5.655095084446382e+00
  2.532767092377995e-01
 -2.546171824251821e-01
  3.528907767158206e-01
 -4.729972091301167e-03
  7.575539169614465e-01
  1.824785722617109e+00
  5.139782251575521e-01
 -1.887302938443623e-01
 -5.739383133484982e-02
 -5.029367345362642e-01
 -1.194467630374846e+00
  1.006597818914465e+00
  6.261102717599571e-01
  4.408151396341599e-01
 -2.352836602488679e-01
 -1.418544693094345e+00
 -4.814019873499363e-01
 -4.976020227021280e-01
  5.791461303278278e-01
 -4.872513151978242e-02
 -5.954203263947453e-01
  3.987589549362007e-01
  2.441201859505221e-01
  4.872513151978234e-02
  2.496664523219031e-02
  7.051804728329228e-01
 -1.341198258531228e-02
  0.000000000000000e+00
  0.000000000000000e+00
  0.000000000000000e+00
  0.000000000000000e+00
  0.000000000000000e+00
  0.000000000000000e+00
  2.004207900968569e+00
  1.126536629486683e+00
  3.326367765289677e-04
  5.267434373501953e-03
 -4.790765755492395e-03
 -7.791445882318981e-03
 -2.945619202274134e-02
  2.352836602488678e-01
  8.054771912793520e-01
 -7.455859995390167e-01
 -6.146228908889363e-02
  7.523178866213287e-01
  4.851222319156590e-02
  7.196358385243592e-01
  3.619420887506576e-01
  2.215809047429860e-01
 -1.535389938887314e+00
 -1.586198354436978e+00
 -4.411488787679340e-02
 -5.397937159114914e-01
  8.315211888163315e-01
  1.118516795242786e+00
  6.248145782551004e+00
  5.696680653711216e-01
  3.013746095047431e-01
  3.296216239082650e+00
 -6.985164465965165e-01
 -5.664697682832962e-01
 -4.657817848663501e-01
 -1.165080672660889e+00
  2.295279787266947e+00
  2.526075440887483e+00
 -2.777087523026767e-01
 -6.665127753266386e-01
 -2.610118193754485e-01
 -1.780180222330051e-01
 -2.964917520688816e+00
 -1.866837198803996e+00
  2.273927989393371e-02
  4.296143748495264e-02
  1.140928310106052e-02
 -1.191167139965272e-02
  1.713431397799965e-03
 -4.878862461440175e-03
  1.198531981693348e-02
  3.131456264846224e-03
  3.360229758372519e-03
 -3.801171790582505e-03
  8.697310884106173e-01
 -3.776343962689902e-02
  8.740809814340697e+00
 -3.168504880712163e+00
  3.185274270402463e+00
 -4.414682075376202e+00
  1.314471172724178e-02
 -2.105261440044095e+00
 -5.071125542558985e+00
 -1.428358449767694e+00
  5.244862461967154e-01
 -1.232482536441023e-01
 -1.080012830358370e+00
 -2.565015195086281e+00
  1.529706585047644e-01
  9.514872650032653e-02
  6.671592549715966e-02
 -3.560941024142195e-02
 -2.146920864320054e-01
 -7.285861177290225e-02
 -7.531043398686964e-02
  8.765186720897619e-02
 -8.972702328176490e-03
 -1.096462786707239e-01
  7.343121078872050e-02
  4.495457872584330e-02
  8.972702328176482e-03
  4.597592019031886e-03
  1.298585406137622e-01
 -2.469808158851975e-03
  0.000000000000000e+00
  0.000000000000000e+00
  6.121496338098732e-17
  3.472596939552961e-16
  4.129992621970482e-18
 -1.242510107068228e-16
  2.926403916296307e-01
  1.644889835424700e-01
 -3.239803720945128e-04
 -5.130356799744827e-03
  4.666092812340941e-03
  7.588684457709494e-03
  2.868963603964004e-02
  3.560941024142195e-02
  1.219063309115311e-01
 -1.128419954864811e-01
 -9.302115855509423e-03
  1.138608445156037e-01
 -3.542932879401888e-03
 -5.255626944648385e-02
  7.612001120114889e-02
  4.660066202639483e-02
 -2.241868784186700e-01
 -2.316055671771313e-01
 -9.277798475745358e-03
 -1.135239724214524e-01
  3.686589009634373e-02
  1.712505075581444e-01
  9.115872721722935e-01
  9.901569165007276e-01
  4.633414753408737e-02
  4.804445476188331e-01
 -3.096906115810811e-02
 -2.511470844195899e-02
 -7.131351751619158e-02
 -1.783796697447475e-01
 -6.406653475305073e-01
 -7.050857194849850e-01
  3.206268320339062e+00
  7.695179856275889e+00
 -4.012866301828345e-02
 -2.736897218855025e-02
 -4.321556456353507e-01
 -2.721034326640565e-01
 -3.314950764457342e-02
 -6.262953387144107e-02
 -1.663254593557317e-02
  1.736493169371538e-02
  7.515630064081968e-02
 -2.140017128249304e-01
  5.257124975032045e-01
  1.373551744099865e-01
  1.473898740660040e-01
 -1.667309296696883e-01
 -5.350479310173509e-03
  2.323160630879008e-04
 -5.377239320173820e-02
  1.118651753135196e-03
 -1.124572244938840e-03
  1.558618979322552e-03
  3.951761991786411e-03
 -6.329155263479860e-01
 -1.524558437681836e+00
 -4.294147144163618e-01
  1.576789857353397e-01
  7.235500606597668e-02
  6.340400985929252e-01
  1.505836265524004e+00
 -1.967401892355891e+00
 -1.223736541384929e+00
  5.454209492039572e-01
 -2.911166740135584e-01
 -1.755166561742558e+00
 -5.956390905879104e-01
 -6.156834081815916e-01
  7.165780022740499e-01
  1.131212989946796e-02
  1.382340461046547e-01
 -9.257672490802824e-02
 -5.667546024854549e-02
 -1.131212989946794e-02
 -5.796309321521362e-03
 -1.637161945476854e-01
  3.113754329279891e-03
  0.000000000000000e+00
  0.000000000000000e+00
  0.000000000000000e+00
  0.000000000000000e+00
  0.000000000000000e+00
  0.000000000000000e+00
 -3.271211594080078e-01
 -1.838701305264701e-01
 -3.804087342607246e-05
 -6.023922140343408e-04
  5.478796290066196e-04
  8.910422043774778e-04
  3.368657200336976e-03
  2.911166740135585e-01
  9.966176175217680e-01
 -9.225141947693646e-01
 -7.604734284519715e-02
  9.308435644126479e-01
 -1.391059668981590e-02
 -2.063513740386614e-01
 -8.201970353904980e-02
 -5.021245299121384e-02
  2.506020142468669e-01
  2.588948204942916e-01
  9.996875571455472e-03
  1.223226641149292e-01
 -1.210570430749082e-01
  1.295841190974297e+00
  4.446461823561459e-02
  2.771260235283109e-03
  6.460083522838719e+00
  7.067824053136621e-01
  1.016935427520948e-01
  8.246952219861148e-02
 -5.396246398824359e-01
 -1.349787086669817e+00
 -3.124982211176288e-02
 -3.439206348896671e-02
 -1.350967816223157e-03
 -3.242380015399988e-03
  2.889916087125256e+00
  1.971010920043317e+00
 -6.357445582551529e-01
 -4.002916040687048e-01
 -1.118687878279073e-01
 -2.113542714282789e-01
 -5.612942346699221e-02
  5.860098678142363e-02
 -2.673791738319897e-01
  7.613413737222040e-01
 -1.870296595987774e+00
 -4.886604681463535e-01
 -5.243603320406769e-01
  5.931688740292769e-01
 -2.003463838709660e-01
  8.698974513610590e-03
 -2.013484008726427e+00
  1.337126518561175e-01
 -1.344203293412141e-01
  1.863020161318303e-01
 -6.557433301423907e-03
  1.050240717454333e+00
  2.529805765124635e+00
  7.125576778884820e-01
 -2.616476989618121e-01
 -1.045110394189970e-01
 -9.158203881131202e-01
 -2.175060467291387e+00
 -7.356105372002386e-01
 -4.575544519385317e-01
 -3.344616134906681e-01
  1.785178083950009e-01
  1.076298666272471e+00
  3.652562513172739e-01
  3.775477755307948e-01
 -4.394180956604140e-01
 -3.492336333347265e-02
 -4.267629403191280e-01
  2.858074145999755e-01
  1.749712660605880e-01
  3.492336333347257e-02
  1.789465098329586e-02
  5.054326812522919e-01
 -9.612935383435573e-03
  0.000000000000000e+00
  0.000000000000000e+00
  2.448598535239493e-16
  1.389038775821184e-15
  1.651997048788193e-17
 -4.970040428272911e-16
 -1.771454416873520e+00
 -9.957092211389752e-01
 -9.424195804532437e-03
 -1.492358525157967e-01
  1.357309766061820e-01
  2.207456203779007e-01
  8.345466913639537e-01
 -1.785178083950008e-01
 -6.111432589379854e-01
  5.657017510987222e-01
  4.663355345408888e-02
 -5.708094654509464e-01
  4.651435362065169e-02
  6.899992139926452e-01
  2.505067703438636e-01
  1.533602157423474e-01
  1.357081412337847e+00
  1.401989324384447e+00
 -3.053272451469516e-02
 -3.736011495420620e-01
  6.755984776415941e-01
 -7.601960314637236e-01
  2.729184654717626e+00
  2.921310725993123e-01
 -1.961834302572816e-01
  6.737884701859400e+00
 -5.675341221310243e-01
 -4.602481791557985e-01
  3.165669625073722e-01
  7.918430080432047e-01
 -1.918076402189086e+00
 -2.110943389208769e+00
 -1.424116263697275e-01
 -3.417939389501644e-01
  1.699087861015166e-01
  1.158829747027455e-01
  2.643702316155211e+00
  1.664586549853244e+00

