Dependent Variables = 12
Independent Variables = 18
Fluxs = 18
Kinetic Orders > 0 = 57

************ GMA-system ***********
 1   1.695620746797909e-01
 2   1.270390446028488e+00
 3   2.294971664919859e+01
 4   1.359513811566148e-02
 5   2.016752373011075e-01
 6   3.739791917123153e+00
 7   7.868013969791299e+00
 8   5.505424453169163e-01
 9   1.474625704756265e+00
10   2.708611897177173e+02
11   2.862365432843487e+02
12   7.674603065875102e+01
-------------------------------
13   2.000000000000000e+02
14   6.850000000000000e+01
15   1.574000000000000e+01
16   3.019000000000000e+03
17   9.959999999999999e+01
18   9.763000000000000e+03
19   6.800000000000000e-02
20   1.210000000000000e+01
21   4.568000000000000e+03
22   1.160000000000000e+02
23   4.754000000000000e+02
24   6.364000000000000e+01
25   1.048000000000000e+01
26   7.559999999999999e+01
27   1.700000000000000e+01
28   1.300000000000000e-02
29   1.300000000000000e-02
30   1.300000000000000e-02
-------------------------------

gamma[18]
  3.336348332212042e-13
  1.169196724792353e+00
  9.302229997435841e-04
  8.075931559278906e-03
  1.227155387714339e-01
  2.205280567763981e-02
  1.227155387714339e-01
  1.000000000000000e+00
  5.103103593458490e+01
  8.906029411151014e-01
  1.623309715850172e+02
  9.199908831012030e+00
  5.217715324295935e-01
  9.816730173586834e-01
  6.968344671952977e-01
  9.999999999999988e-01
  9.999999999999988e-01
  9.999999999999991e-01

f[18][30]
  0.000000000000000e+00	 -5.314473557091018e+00	  0.000000000000000e+00	  0.000000000000000e+00	  0.000000000000000e+00	  0.000000000000000e+00	  0.000000000000000e+00	  0.000000000000000e+00	  0.000000000000000e+00	  0.000000000000000e+00	  0.000000000000000e+00	  0.000000000000000e+00	  6.314473557091018e+00	  0.000000000000000e+00	  0.000000000000000e+00	  0.000000000000000e+00	  0.000000000000000e+00	  0.000000000000000e+00	  0.000000000000000e+00	  0.000000000000000e+00	  0.000000000000000e+00	  0.000000000000000e+00	  0.000000000000000e+00	  0.000000000000000e+00	  0.000000000000000e+00	  0.000000000000000e+00	  0.000000000000000e+00	  0.000000000000000e+00	  0.000000000000000e+00	  0.000000000000000e+00	
  3.083452534716442e-01	  0.000000000000000e+00	  0.000000000000000e+00	  0.000000000000000e+00	  2.376545575170572e-01	  0.000000000000000e+00	  0.000000000000000e+00	  0.000000000000000e+00	  0.000000000000000e+00	  0.000000000000000e+00	  0.000000000000000e+00	  0.000000000000000e+00	  0.000000000000000e+00	  1.000000000000000e+00	  0.000000000000000e+00	  0.000000000000000e+00	  0.000000000000000e+00	  0.000000000000000e+00	  0.000000000000000e+00	  0.000000000000000e+00	  0.000000000000000e+00	  0.000000000000000e+00	  0.000000000000000e+00	  0.000000000000000e+00	  0.000000000000000e+00	  0.000000000000000e+00	  0.000000000000000e+00	  0.000000000000000e+00	  0.000000000000000e+00	  0.000000000000000e+00	
  0.000000000000000e+00	  9.317412278883266e+00	  0.000000000000000e+00	  0.000000000000000e+00	  0.000000000000000e+00	  0.000000000000000e+00	  0.000000000000000e+00	  0.000000000000000e+00	  0.000000000000000e+00	  0.000000000000000e+00	  0.000000000000000e+00	  0.000000000000000e+00	  0.000000000000000e+00	  0.000000000000000e+00	  1.000000000000000e+00	  0.000000000000000e+00	  0.000000000000000e+00	  0.000000000000000e+00	  0.000000000000000e+00	  0.000000000000000e+00	  0.000000000000000e+00	  0.000000000000000e+00	  0.000000000000000e+00	  0.000000000000000e+00	  0.000000000000000e+00	  0.000000000000000e+00	  0.000000000000000e+00	  0.000000000000000e+00	  0.000000000000000e+00	  0.000000000000000e+00	
  0.000000000000000e+00	  3.383695012445879e-01	  0.000000000000000e+00	  0.000000000000000e+00	  7.898524803231152e-02	  0.000000000000000e+00	  0.000000000000000e+00	  0.000000000000000e+00	  0.000000000000000e+00	  0.000000000000000e+00	  0.000000000000000e+00	  0.000000000000000e+00	  0.000000000000000e+00	  0.000000000000000e+00	  0.000000000000000e+00	  9.999999999999999e-01	  0.000000000000000e+00	  0.000000000000000e+00	  0.000000000000000e+00	  0.000000000000000e+00	  0.000000000000000e+00	  0.000000000000000e+00	  0.000000000000000e+00	  0.000000000000000e+00	  0.000000000000000e+00	  0.000000000000000e+00	  0.000000000000000e+00	  0.000000000000000e+00	  0.000000000000000e+00	  0.000000000000000e+00	
  0.000000000000000e+00	  0.000000000000000e+00	  4.196688051157925e-01	  0.000000000000000e+00	  2.656687783770954e-02	  0.000000000000000e+00	  0.000000000000000e+00	  0.000000000000000e+00	  0.000000000000000e+00	  0.000000000000000e+00	  0.000000000000000e+00	  0.000000000000000e+00	  0.000000000000000e+00	  0.000000000000000e+00	  0.000000000000000e+00	  0.000000000000000e+00	  1.000000000000000e+00	  0.000000000000000e+00	  0.000000000000000e+00	  0.000000000000000e+00	  0.000000000000000e+00	  0.000000000000000e+00	  0.000000000000000e+00	  0.000000000000000e+00	  0.000000000000000e+00	  0.000000000000000e+00	  0.000000000000000e+00	  0.000000000000000e+00	  0.000000000000000e+00	  0.000000000000000e+00	
  0.000000000000000e+00	  0.000000000000000e+00	  1.137126145882621e-02	  3.598486975360789e-01	  3.729791141660106e-01	  0.000000000000000e+00	  0.000000000000000e+00	  0.000000000000000e+00	  0.000000000000000e+00	  0.000000000000000e+00	  0.000000000000000e+00	  0.000000000000000e+00	  0.000000000000000e+00	  0.000000000000000e+00	  0.000000000000000e+00	  0.000000000000000e+00	  0.000000000000000e+00	  1.000000000000000e+00	  0.000000000000000e+00	  0.000000000000000e+00	  0.000000000000000e+00	  0.000000000000000e+00	  0.000000000000000e+00	  0.000000000000000e+00	  0.000000000000000e+00	  0.000000000000000e+00	  0.000000000000000e+00	  0.000000000000000e+00	  0.000000000000000e+00	  0.000000000000000e+00	
  0.000000000000000e+00	  0.000000000000000e+00	  4.196688051157924e-01	  0.000000000000000e+00	  2.656687783770954e-02	  0.000000000000000e+00	  0.000000000000000e+00	  0.000000000000000e+00	  0.000000000000000e+00	  0.000000000000000e+00	  0.000000000000000e+00	  0.000000000000000e+00	  0.000000000000000e+00	  0.000000000000000e+00	  0.000000000000000e+00	  0.000000000000000e+00	  1.000000000000000e+00	  0.000000000000000e+00	  1.000000000000000e+00	  0.000000000000000e+00	  0.000000000000000e+00	  0.000000000000000e+00	  0.000000000000000e+00	  0.000000000000000e+00	  0.000000000000000e+00	  0.000000000000000e+00	  0.000000000000000e+00	  0.000000000000000e+00	  0.000000000000000e+00	  0.000000000000000e+00	
  0.000000000000000e+00	  0.000000000000000e+00	  0.000000000000000e+00	  0.000000000000000e+00	  1.000000000000000e+00	  0.000000000000000e+00	  0.000000000000000e+00	  0.000000000000000e+00	  0.000000000000000e+00	  0.000000000000000e+00	  0.000000000000000e+00	  0.000000000000000e+00	  0.000000000000000e+00	  0.000000000000000e+00	  0.000000000000000e+00	  0.000000000000000e+00	  0.000000000000000e+00	  0.000000000000000e+00	  0.000000000000000e+00	  9.999999999999998e-01	  0.000000000000000e+00	  0.000000000000000e+00	  0.000000000000000e+00	  0.000000000000000e+00	  0.000000000000000e+00	  0.000000000000000e+00	  0.000000000000000e+00	  0.000000000000000e+00	  0.000000000000000e+00	  0.000000000000000e+00	
  0.000000000000000e+00	  2.616085767345511e-02	  0.000000000000000e+00	  9.874890700614601e-01	  0.000000000000000e+00	 -9.822361779236576e-01	  0.000000000000000e+00	  0.000000000000000e+00	  0.000000000000000e+00	 -6.952082845100167e-01	 -1.383352508681504e-01	 -9.178426870499495e-03	  0.000000000000000e+00	  0.000000000000000e+00	  0.000000000000000e+00	  0.000000000000000e+00	  0.000000000000000e+00	  0.000000000000000e+00	  0.000000000000000e+00	  0.000000000000000e+00	  9.999999999999998e-01	  0.000000000000000e+00	  0.000000000000000e+00	  0.000000000000000e+00	  0.000000000000000e+00	  0.000000000000000e+00	  0.000000000000000e+00	  0.000000000000000e+00	  0.000000000000000e+00	  0.000000000000000e+00	
  0.000000000000000e+00	  0.000000000000000e+00	  0.000000000000000e+00	  3.892608372408796e-01	  8.214908322978610e-01	  3.484446873472065e-01	  0.000000000000000e+00	  0.000000000000000e+00	  0.000000000000000e+00	  0.000000000000000e+00	  0.000000000000000e+00	  0.000000000000000e+00	  0.000000000000000e+00	  0.000000000000000e+00	  0.000000000000000e+00	  0.000000000000000e+00	  0.000000000000000e+00	  0.000000000000000e+00	  0.000000000000000e+00	  0.000000000000000e+00	  0.000000000000000e+00	  1.000000000000000e+00	  0.000000000000000e+00	  0.000000000000000e+00	  0.000000000000000e+00	  0.000000000000000e+00	  0.000000000000000e+00	  0.000000000000000e+00	  0.000000000000000e+00	  0.000000000000000e+00	
  0.000000000000000e+00	  0.000000000000000e+00	  0.000000000000000e+00	  0.000000000000000e+00	  0.000000000000000e+00	  0.000000000000000e+00	  2.026750272266080e-01	  0.000000000000000e+00	  0.000000000000000e+00	 -8.441693741646090e-01	 -8.773895787476637e-01	  0.000000000000000e+00	  0.000000000000000e+00	  0.000000000000000e+00	  0.000000000000000e+00	  0.000000000000000e+00	  0.000000000000000e+00	  0.000000000000000e+00	  0.000000000000000e+00	  0.000000000000000e+00	  0.000000000000000e+00	  0.000000000000000e+00	  1.000000000000000e+00	  0.000000000000000e+00	  0.000000000000000e+00	  0.000000000000000e+00	  0.000000000000000e+00	  0.000000000000000e+00	  0.000000000000000e+00	  0.000000000000000e+00	
  0.000000000000000e+00	  0.000000000000000e+00	  0.000000000000000e+00	  0.000000000000000e+00	  0.000000000000000e+00	  0.000000000000000e+00	  0.000000000000000e+00	  6.449355856205596e-01	  0.000000000000000e+00	 -8.441693741646090e-01	  0.000000000000000e+00	  0.000000000000000e+00	  0.000000000000000e+00	  0.000000000000000e+00	  0.000000000000000e+00	  0.000000000000000e+00	  0.000000000000000e+00	  0.000000000000000e+00	  0.000000000000000e+00	  0.000000000000000e+00	  0.000000000000000e+00	  0.000000000000000e+00	  0.000000000000000e+00	  1.000000000000000e+00	  0.000000000000000e+00	  0.000000000000000e+00	  0.000000000000000e+00	  0.000000000000000e+00	  0.000000000000000e+00	  0.000000000000000e+00	
  0.000000000000000e+00	  0.000000000000000e+00	  0.000000000000000e+00	  0.000000000000000e+00	  0.000000000000000e+00	  0.000000000000000e+00	  0.000000000000000e+00	  6.449355856205597e-01	  0.000000000000000e+00	  0.000000000000000e+00	  0.000000000000000e+00	  0.000000000000000e+00	  0.000000000000000e+00	  0.000000000000000e+00	  0.000000000000000e+00	  0.000000000000000e+00	  0.000000000000000e+00	  0.000000000000000e+00	  0.000000000000000e+00	  0.000000000000000e+00	  0.000000000000000e+00	  0.000000000000000e+00	  0.000000000000000e+00	  0.000000000000000e+00	  1.000000000000000e+00	  0.000000000000000e+00	  0.000000000000000e+00	  0.000000000000000e+00	  0.000000000000000e+00	  0.000000000000000e+00	
  0.000000000000000e+00	  0.000000000000000e+00	  0.000000000000000e+00	  0.000000000000000e+00	  8.214908322978609e-01	  0.000000000000000e+00	  2.026750272266082e-01	  0.000000000000000e+00	  4.625266477858477e-01	  0.000000000000000e+00	  0.000000000000000e+00	 -8.274858785183998e-01	  0.000000000000000e+00	  0.000000000000000e+00	  0.000000000000000e+00	  0.000000000000000e+00	  0.000000000000000e+00	  0.000000000000000e+00	  0.000000000000000e+00	  0.000000000000000e+00	  0.000000000000000e+00	  0.000000000000000e+00	  0.000000000000000e+00	  0.000000000000000e+00	  0.000000000000000e+00	  1.000000000000000e+00	  0.000000000000000e+00	  0.000000000000000e+00	  0.000000000000000e+00	  0.000000000000000e+00	
  0.000000000000000e+00	  0.000000000000000e+00	  0.000000000000000e+00	  0.000000000000000e+00	  3.926529820381804e-01	  0.000000000000000e+00	  0.000000000000000e+00	  0.000000000000000e+00	  3.517062162478830e-01	  0.000000000000000e+00	  0.000000000000000e+00	  0.000000000000000e+00	  0.000000000000000e+00	  0.000000000000000e+00	  0.000000000000000e+00	  0.000000000000000e+00	  0.000000000000000e+00	  0.000000000000000e+00	  0.000000000000000e+00	  0.000000000000000e+00	  0.000000000000000e+00	  0.000000000000000e+00	  0.000000000000000e+00	  0.000000000000000e+00	  0.000000000000000e+00	  0.000000000000000e+00	  1.000000000000000e+00	  0.000000000000000e+00	  0.000000000000000e+00	  0.000000000000000e+00	
  0.000000000000000e+00	  0.000000000000000e+00	  0.000000000000000e+00	  0.000000000000000e+00	  0.000000000000000e+00	  0.000000000000000e+00	  0.000000000000000e+00	  0.000000000000000e+00	  0.000000000000000e+00	  1.000000000000000e+00	  0.000000000000000e+00	  0.000000000000000e+00	  0.000000000000000e+00	  0.000000000000000e+00	  0.000000000000000e+00	  0.000000000000000e+00	  0.000000000000000e+00	  0.000000000000000e+00	  0.000000000000000e+00	  0.000000000000000e+00	  0.000000000000000e+00	  0.000000000000000e+00	  0.000000000000000e+00	  0.000000000000000e+00	  0.000000000000000e+00	  0.000000000000000e+00	  0.000000000000000e+00	  1.000000000000000e+00	  0.000000000000000e+00	  0.000000000000000e+00	
  0.000000000000000e+00	  0.000000000000000e+00	  0.000000000000000e+00	  0.000000000000000e+00	  0.000000000000000e+00	  0.000000000000000e+00	  0.000000000000000e+00	  0.000000000000000e+00	  0.000000000000000e+00	  0.000000000000000e+00	  1.000000000000000e+00	  0.000000000000000e+00	  0.000000000000000e+00	  0.000000000000000e+00	  0.000000000000000e+00	  0.000000000000000e+00	  0.000000000000000e+00	  0.000000000000000e+00	  0.000000000000000e+00	  0.000000000000000e+00	  0.000000000000000e+00	  0.000000000000000e+00	  0.000000000000000e+00	  0.000000000000000e+00	  0.000000000000000e+00	  0.000000000000000e+00	  0.000000000000000e+00	  0.000000000000000e+00	  1.000000000000000e+00	  0.000000000000000e+00	
  0.000000000000000e+00	  0.000000000000000e+00	  0.000000000000000e+00	  0.000000000000000e+00	  0.000000000000000e+00	  0.000000000000000e+00	  0.000000000000000e+00	  0.000000000000000e+00	  0.000000000000000e+00	  0.000000000000000e+00	  0.000000000000000e+00	  1.000000000000000e+00	  0.000000000000000e+00	  0.000000000000000e+00	  0.000000000000000e+00	  0.000000000000000e+00	  0.000000000000000e+00	  0.000000000000000e+00	  0.000000000000000e+00	  0.000000000000000e+00	  0.000000000000000e+00	  0.000000000000000e+00	  0.000000000000000e+00	  0.000000000000000e+00	  0.000000000000000e+00	  0.000000000000000e+00	  0.000000000000000e+00	  0.000000000000000e+00	  0.000000000000000e+00	  1.000000000000000e+00	


Lx[12][13-30]
  2.064766601741604e+00	 -3.243117864604849e+00	  4.526187986505130e-02	  3.835913415348787e+00	  1.085942257087894e-01	 -4.007788327680115e+00	  2.488888191544490e-01	  2.932865079575773e-01	  6.917735486305919e-01	  1.950051273757915e+00	 -2.112700907082199e-01	 -1.388418686485358e-01	  1.388418686485359e-01	  2.112700907082196e-01	 -2.778399764302522e-01	  1.853729083951432e-01	 -8.966950849470189e-02	  1.811724095414050e-01	
  1.126855265692306e+00	 -4.163336342344337e-17	  1.894766690037052e-04	 -1.586541641144903e-01	  1.905962691597292e-03	 -7.034163168916133e-02	  1.216590263953205e-02	  8.572611186922352e-03	  1.214147958713281e-02	  3.422580666905109e-02	 -6.646223855824862e-03	 -2.422200578796146e-03	  2.422200578796149e-03	  6.646223855824858e-03	 -8.740407472077230e-03	  7.855710155509259e-04	 -4.151732924528299e-03	  5.611096068657341e-03	
  7.451950782547863e-01	  4.440892098500626e-16	 -7.711468938504825e-03	  2.076416751264441e+00	 -2.404216709307255e+00	  7.892487273196768e-01	 -2.162218824911081e-01	 -6.456165016724152e-02	 -1.362300970535910e-01	 -3.840211508656282e-01	  4.744286621830862e-02	  2.731285642123834e-02	 -2.731285642123823e-02	 -4.744286621830846e-02	  6.239181697556573e-02	 -3.160180047541074e-02	  2.278045175416249e-02	 -4.050867981545535e-02	
  2.065724267751717e+00	  0.000000000000000e+00	  5.639433309755372e-02	  3.521550783179333e+00	  2.046003130016134e-01	 -7.550997679070808e+00	  3.901912227282464e-01	  5.179912092737528e-01	  8.236910345470789e-01	  2.321915537651238e+00	 -3.518496708855650e-01	 -1.648183526396902e-01	  1.648183526396905e-01	  3.518496708855648e-01	 -4.627153040836647e-01	  1.364815090235756e-01	 -1.947637286188732e-01	  2.987108219436280e-01	
 -1.307906482083791e+00	  1.776356839400250e-15	 -6.296220330478733e-02	 -1.429058790163488e+00	 -1.835172143664850e-01	  6.772902931677961e+00	 -5.949772450470471e-01	 -5.722272676986363e-01	 -1.169052532844087e+00	 -3.295460465748302e+00	  4.227367303885232e-01	  2.343062665772593e-01	 -2.343062665772592e-01	 -4.227367303885229e-01	  5.559384331857982e-01	 -2.580794303127837e-01	  2.091836263877176e-01	 -3.605387379080245e-01	
  1.616692304777791e+00	 -8.881784197001252e-16	  6.665945974514315e-02	  2.043835294714200e+00	  2.038931219530331e-01	 -7.524898022192637e+00	  5.961153579592275e-01	  6.072447598660693e-01	  1.834705921984425e+00	  2.301985254906808e+00	 -4.636791132727949e-01	 -3.687149593438496e-01	  3.687149593438500e-01	  4.636791132727943e-01	 -6.097815051390101e-01	  5.728211732640374e-01	 -1.530227178815110e-01	  4.005276325309775e-01	
  3.736941867927740e+00	  0.000000000000000e+00	 -6.166024408858348e-02	  1.097188889379268e+01	  4.258853899158788e-02	 -1.571776476598004e+00	 -1.370365996272751e+00	 -5.297825195160993e-01	  2.713001041898013e-01	  7.647721061223933e-01	 -3.688642671253346e+00	 -3.647771775864240e-02	  3.647771775864595e-02	 -1.245364313642303e+00	  1.637770828750784e+00	 -2.956022467458892e+00	 -3.198846271507976e+00	 -1.028031274983500e+00	
  5.558873110747347e-01	  2.220446049250313e-16	 -9.172245247053240e-03	  1.632118997334932e+00	  6.335241290698151e-03	 -2.338089887577238e-01	 -2.038482523354680e-01	 -7.880758937026558e-02	  4.035713980640387e-02	  1.137633724800449e-01	  1.852536764247144e-01	 -5.348967324839818e-01	 -1.015645712832934e+00	 -1.852536764247141e-01	  2.436259525374339e-01	 -2.671013418820117e-01	  1.681224601791763e-01	 -1.529243861286523e-01	
  2.252661654215060e+00	  8.881784197001252e-16	  5.721632150151380e-02	  3.922217163234321e+00	  2.139145287504209e-01	 -7.894748968938391e+00	  3.736360989304319e-01	  5.264980642526448e-01	  1.362691355746201e+00	  3.841311971630171e+00	 -2.078516049886898e-01	 -2.745362869924749e-01	  2.745362869924749e-01	  2.078516049886899e-01	 -3.116626478162013e+00	  5.401372348666211e-01	  6.141418409958696e-03	  1.845016309113038e-01	
  1.944027015790912e-01	  5.551115123125783e-17	 -3.207681161359346e-03	  5.707781704299625e-01	  2.215535410739919e-03	 -8.176675049498672e-02	 -7.128900080409196e-02	 -2.756027700811396e-02	  1.411353857169664e-02	  3.978487457846630e-02	  6.478617960319211e-02	  3.551875829657130e-01	 -3.551875829657128e-01	 -6.478617960319201e-02	  8.519990005976091e-02	 -6.356591627478559e-01	  5.879511872966830e-02	 -5.348010866313389e-02	
  3.585115085070223e-01	  1.110223024625157e-16	 -5.915507359863676e-03	  1.052611621348646e+00	  4.085822551864154e-03	 -1.507917370878137e-01	 -1.314689919977027e-01	 -5.082581880185683e-02	  2.602775559501402e-02	  7.337004725258778e-02	  1.194766882933349e-01	 -3.449739374110807e-01	  3.449739374110811e-01	 -1.194766882933347e-01	  1.571230463720966e-01	 -1.722631603467125e-01	 -8.915718426883734e-01	 -9.862637852354700e-02	
  3.966474719898864e-01	  4.440892098500626e-16	 -2.065996323511244e-02	  1.567125182966400e+00	 -2.363077410515341e-02	  8.721194889923782e-01	 -3.248674435658206e-01	 -1.827285015841582e-01	 -1.505341960211208e-01	 -4.243431991237711e-01	 -2.716619139243784e-01	  3.179613022901496e-02	 -3.179613022901463e-02	  2.716619139243783e-01	 -3.572608858581308e-01	 -3.071399686815561e-01	 -2.591775179907113e-01	 -7.765852696059853e-01	

Lv[18][13-30]
  3.258310449004860e-01	  2.212594090066502e-16	 -1.006968747105879e-03	  8.431633599088375e-01	 -1.012918832529583e-02	  3.738287415746835e-01	 -6.465536787593688e-02	 -4.555891546812148e-02	 -6.452557220977768e-02	 -1.818921445127814e-01	  3.532118093628873e-02	  1.287272092598268e-02	 -1.287272092598269e-02	 -3.532118093628871e-02	  4.645066438855519e-02	 -4.174896389362533e-03	  2.206427484350981e-02	 -2.982002168317681e-02	
  3.258310449004859e-01	  6.661338147750939e-16	 -1.006968747105879e-03	  8.431633599088374e-01	 -1.012918832529634e-02	  3.738287415746837e-01	 -6.465536787593691e-02	 -4.555891546812151e-02	 -6.452557220977792e-02	 -1.818921445127815e-01	  3.532118093628869e-02	  1.287272092598271e-02	 -1.287272092598267e-02	 -3.532118093628871e-02	  4.645066438855520e-02	 -4.174896389362512e-03	  2.206427484350983e-02	 -2.982002168317680e-02	
  1.049937508908575e+01	 -3.879152115728007e-16	  1.001765432242337e+00	 -1.478246256816313e+00	  1.775864018578201e-02	 -6.554019828172760e-01	  1.133547306372742e-01	  7.987455273512237e-02	  1.131271709889617e-01	  3.188959513129014e-01	 -6.192560776246946e-02	 -2.256864141479336e-02	  2.256864141479339e-02	  6.192560776246941e-02	 -8.143797990277543e-02	  7.319489026228994e-03	 -3.868340732964391e-02	  5.228089540810153e-02	
  2.779881363366867e-01	  1.262185251371965e-16	 -4.908972118701182e-03	  8.334417066243847e-01	 -1.385023304958914e-02	  5.111579551259615e-01	 -4.287785486529373e-02	 -4.229680249834602e-02	 -8.822959787722276e-02	 -2.487117931355060e-01	  3.114108605085057e-02	  1.768713977936813e-02	 -1.768713977936812e-02	 -3.114108605085055e-02	  4.095344771887367e-02	 -2.011865454256871e-02	  1.511760081555888e-02	 -2.657861786073482e-02	
  2.779881363366871e-01	  2.335626432111185e-16	 -4.908972118701185e-03	  8.334417066243853e-01	 -1.385023304958932e-02	  5.111579551259618e-01	 -1.065482668503125e-01	 -4.229680249834604e-02	 -8.822959787722275e-02	 -2.487117931355062e-01	  3.114108605085062e-02	  1.768713977936815e-02	 -1.768713977936810e-02	 -3.114108605085055e-02	  4.095344771887363e-02	 -2.011865454256870e-02	  1.511760081555890e-02	 -2.657861786073484e-02	
  2.640001941921956e-01	  6.675938549184883e-16	 -3.277848630520708e-03	  7.578278587640277e-01	 -2.216190870473239e-02	  8.179094095124348e-01	 -8.396299807673749e-02	 -2.776450481984055e-02	 -1.411771402119645e-01	 -3.979664481835407e-01	  3.159881066520298e-02	  2.839225585564993e-02	 -2.839225585564978e-02	 -3.159881066520290e-02	  4.155539849968184e-02	 -4.750489637841401e-02	  8.194692070399495e-03	 -2.744335366065376e-02	
  2.779881363366871e-01	  2.335626432111184e-16	 -4.908972118701184e-03	  8.334417066243852e-01	 -1.385023304958932e-02	  5.111579551259617e-01	  8.934517331496875e-01	 -4.229680249834603e-02	 -8.822959787722273e-02	 -2.487117931355061e-01	  3.114108605085062e-02	  1.768713977936814e-02	 -1.768713977936810e-02	 -3.114108605085054e-02	  4.095344771887363e-02	 -2.011865454256870e-02	  1.511760081555889e-02	 -2.657861786073483e-02	
 -1.307906482083791e+00	  1.776356839400250e-15	 -6.296220330478733e-02	 -1.429058790163488e+00	 -1.835172143664850e-01	  6.772902931677961e+00	 -5.949772450470471e-01	  4.277727323013635e-01	 -1.169052532844087e+00	 -3.295460465748302e+00	  4.227367303885232e-01	  2.343062665772593e-01	 -2.343062665772592e-01	 -4.227367303885229e-01	  5.559384331857982e-01	 -2.580794303127837e-01	  2.091836263877176e-01	 -3.605387379080245e-01	
  2.930002181139881e-01	  8.132856611671799e-16	 -6.543632869331964e-03	  9.090066615685670e-01	 -6.934490098593697e-05	  2.559249195182831e-03	 -1.291689606617766e-01	 -5.685455210520495e-02	 -4.417451104778980e-04	 -1.245242199660479e-03	  4.874652736413275e-02	 -1.536487268372434e-04	  1.536487268369837e-04	 -4.874652736413247e-02	  6.410625360412306e-02	  4.071351508765689e-02	  4.270858618875005e-02	 -4.034111754582233e-02	
  2.930002181139874e-01	  1.149779806695964e-15	 -6.543632869331972e-03	  9.090066615685596e-01	 -6.934490098427226e-05	  2.559249195183355e-03	 -1.291689606617763e-01	 -5.685455210520499e-02	 -4.417451104782311e-04	 -1.245242199659380e-03	  4.874652736413251e-02	 -1.536487268367637e-04	  1.536487268370412e-04	 -4.874652736413249e-02	  6.410625360412323e-02	  4.071351508765669e-02	  4.270858618874999e-02	 -4.034111754582226e-02	
  2.787217264734095e-01	 -1.442706249832302e-16	 -4.598960940399128e-03	  8.183439623180827e-01	  3.176488030919886e-03	 -1.172317549137105e-01	 -1.022094509041425e-01	 -3.951410102529734e-02	  2.023505746267584e-02	  5.704091990474085e-02	  9.288613627250253e-02	 -4.555064439072498e-03	  4.555064439072665e-03	 -9.288613627250243e-02	  1.221539775277103e-01	  8.863396521450440e-02	  8.429654972605982e-02	 -7.667624008048984e-02	
  1.944027015790915e-01	  9.634365351716298e-17	 -3.207681161359350e-03	  5.707781704299633e-01	  2.215535410740115e-03	 -8.176675049498679e-02	 -7.128900080409206e-02	 -2.756027700811400e-02	  1.411353857169666e-02	  3.978487457846624e-02	  6.478617960319218e-02	  3.551875829657134e-01	 -3.551875829657133e-01	 -6.478617960319211e-02	  8.519990005976096e-02	  3.643408372521444e-01	  5.879511872966832e-02	 -5.348010866313396e-02	
  3.585115085070223e-01	  1.432044673112109e-16	 -5.915507359863677e-03	  1.052611621348645e+00	  4.085822551863963e-03	 -1.507917370878135e-01	 -1.314689919977027e-01	 -5.082581880185683e-02	  2.602775559501388e-02	  7.337004725258761e-02	  1.194766882933348e-01	 -3.449739374110807e-01	  3.449739374110808e-01	 -1.194766882933347e-01	  1.571230463720966e-01	 -1.722631603467125e-01	  1.084281573116263e-01	 -9.862637852354700e-02	
  3.966474719898865e-01	  1.502589495603219e-15	 -2.065996323511248e-02	  1.567125182966401e+00	 -2.363077410515294e-02	  8.721194889923796e-01	 -3.248674435658211e-01	 -1.827285015841585e-01	 -1.505341960211211e-01	 -4.243431991237724e-01	 -2.716619139243789e-01	  3.179613022901509e-02	 -3.179613022901459e-02	  2.716619139243788e-01	 -3.572608858581316e-01	 -3.071399686815564e-01	 -2.591775179907115e-01	  2.234147303940152e-01	
  2.787217264734092e-01	  1.009869681500181e-15	 -4.598960940399112e-03	  8.183439623180805e-01	  3.176488030919161e-03	 -1.172317549137110e-01	 -1.022094509041424e-01	 -3.951410102529723e-02	  2.023505746267579e-02	  5.704091990474081e-02	  9.288613627250224e-02	 -4.555064439072540e-03	  4.555064439072581e-03	 -9.288613627250207e-02	  1.221539775277104e-01	  8.863396521450410e-02	  8.429654972605957e-02	 -7.667624008048970e-02	
  1.944027015790913e-01	  5.551115123125784e-17	 -3.207681161359347e-03	  5.707781704299626e-01	  2.215535410739919e-03	 -8.176675049498673e-02	 -7.128900080409198e-02	 -2.756027700811397e-02	  1.411353857169664e-02	  3.978487457846631e-02	  6.478617960319212e-02	  3.551875829657131e-01	 -3.551875829657128e-01	 -6.478617960319202e-02	  8.519990005976093e-02	  3.643408372521439e-01	  5.879511872966831e-02	 -5.348010866313390e-02	
  3.585115085070223e-01	  1.110223024625157e-16	 -5.915507359863677e-03	  1.052611621348646e+00	  4.085822551864155e-03	 -1.507917370878137e-01	 -1.314689919977027e-01	 -5.082581880185684e-02	  2.602775559501402e-02	  7.337004725258779e-02	  1.194766882933349e-01	 -3.449739374110807e-01	  3.449739374110812e-01	 -1.194766882933347e-01	  1.571230463720966e-01	 -1.722631603467126e-01	  1.084281573116264e-01	 -9.862637852354703e-02	
  3.966474719898865e-01	  4.440892098500627e-16	 -2.065996323511245e-02	  1.567125182966401e+00	 -2.363077410515341e-02	  8.721194889923785e-01	 -3.248674435658206e-01	 -1.827285015841582e-01	 -1.505341960211208e-01	 -4.243431991237712e-01	 -2.716619139243785e-01	  3.179613022901497e-02	 -3.179613022901463e-02	  2.716619139243784e-01	 -3.572608858581308e-01	 -3.071399686815561e-01	 -2.591775179907114e-01	  2.234147303940145e-01	

Sxgamma[12][18]
  3.269895080046563e-01	 -3.243117864604849e+00	  4.526187986505130e-02	  3.835913415348787e+00	 -1.402945934456596e-01	 -4.007788327680115e+00	  2.488888191544490e-01	  2.932865079575774e-01	  6.917735486305920e-01	  1.950051273757915e+00	 -2.112700907082199e-01	 -1.388418686485358e-01	  1.388418686485358e-01	  2.112700907082196e-01	 -2.778399764302522e-01	  1.853729083951432e-01	 -8.966950849470189e-02	  1.811724095414050e-01	
  1.784559323123416e-01	 -4.163336342344337e-17	  1.894766690037052e-04	 -1.586541641144903e-01	 -1.025993994793475e-02	 -7.034163168916133e-02	  1.216590263953205e-02	  8.572611186922353e-03	  1.214147958713281e-02	  3.422580666905109e-02	 -6.646223855824862e-03	 -2.422200578796145e-03	  2.422200578796148e-03	  6.646223855824858e-03	 -8.740407472077230e-03	  7.855710155509259e-04	 -4.151732924528299e-03	  5.611096068657341e-03	
  1.180138093092413e-01	  4.440892098500626e-16	 -7.711468938504825e-03	  2.076416751264442e+00	 -2.187994826816147e+00	  7.892487273196768e-01	 -2.162218824911081e-01	 -6.456165016724154e-02	 -1.362300970535910e-01	 -3.840211508656282e-01	  4.744286621830862e-02	  2.731285642123833e-02	 -2.731285642123822e-02	 -4.744286621830846e-02	  6.239181697556573e-02	 -3.160180047541074e-02	  2.278045175416249e-02	 -4.050867981545535e-02	
  3.271411700555706e-01	 -0.000000000000000e+00	  5.639433309755372e-02	  3.521550783179333e+00	 -1.855909097266331e-01	 -7.550997679070808e+00	  3.901912227282464e-01	  5.179912092737529e-01	  8.236910345470791e-01	  2.321915537651238e+00	 -3.518496708855650e-01	 -1.648183526396901e-01	  1.648183526396904e-01	  3.518496708855648e-01	 -4.627153040836647e-01	  1.364815090235756e-01	 -1.947637286188732e-01	  2.987108219436280e-01	
 -2.071283489048806e-01	  1.776356839400250e-15	 -6.296220330478733e-02	 -1.429058790163488e+00	  4.114600306805620e-01	  6.772902931677961e+00	 -5.949772450470471e-01	 -5.722272676986364e-01	 -1.169052532844087e+00	 -3.295460465748302e+00	  4.227367303885232e-01	  2.343062665772592e-01	 -2.343062665772591e-01	 -4.227367303885229e-01	  5.559384331857982e-01	 -2.580794303127837e-01	  2.091836263877176e-01	 -3.605387379080245e-01	
  2.560296262484591e-01	 -8.881784197001252e-16	  6.665945974514315e-02	  2.043835294714200e+00	 -3.922222360061944e-01	 -7.524898022192637e+00	  5.961153579592275e-01	  6.072447598660694e-01	  1.834705921984425e+00	  2.301985254906808e+00	 -4.636791132727949e-01	 -3.687149593438496e-01	  3.687149593438499e-01	  4.636791132727943e-01	 -6.097815051390101e-01	  5.728211732640374e-01	 -1.530227178815110e-01	  4.005276325309775e-01	
  5.918057672014850e-01	 -0.000000000000000e+00	 -6.166024408858348e-02	  1.097188889379268e+01	  1.412954535264339e+00	 -1.571776476598004e+00	 -1.370365996272751e+00	 -5.297825195160994e-01	  2.713001041898013e-01	  7.647721061223933e-01	 -3.688642671253346e+00	 -3.647771775864239e-02	  3.647771775864594e-02	 -1.245364313642303e+00	  1.637770828750784e+00	 -2.956022467458892e+00	 -3.198846271507976e+00	 -1.028031274983500e+00	
  8.803383307393617e-02	  2.220446049250313e-16	 -9.172245247053240e-03	  1.632118997334933e+00	  2.101834936261662e-01	 -2.338089887577238e-01	 -2.038482523354680e-01	 -7.880758937026559e-02	  4.035713980640387e-02	  1.137633724800449e-01	  1.852536764247144e-01	 -5.348967324839817e-01	 -1.015645712832934e+00	 -1.852536764247141e-01	  2.436259525374339e-01	 -2.671013418820117e-01	  1.681224601791763e-01	 -1.529243861286523e-01	
  3.567457577972386e-01	  8.881784197001252e-16	  5.721632150151380e-02	  3.922217163234321e+00	 -1.597215701800110e-01	 -7.894748968938391e+00	  3.736360989304319e-01	  5.264980642526449e-01	  1.362691355746202e+00	  3.841311971630171e+00	 -2.078516049886898e-01	 -2.745362869924748e-01	  2.745362869924748e-01	  2.078516049886899e-01	 -3.116626478162013e+00	  5.401372348666211e-01	  6.141418409958696e-03	  1.845016309113038e-01	
  3.078684229515558e-02	  5.551115123125783e-17	 -3.207681161359346e-03	  5.707781704299626e-01	  7.350453621483188e-02	 -8.176675049498672e-02	 -7.128900080409196e-02	 -2.756027700811397e-02	  1.411353857169664e-02	  3.978487457846630e-02	  6.478617960319211e-02	  3.551875829657130e-01	 -3.551875829657127e-01	 -6.478617960319201e-02	  8.519990005976091e-02	 -6.356591627478559e-01	  5.879511872966830e-02	 -5.348010866313389e-02	
  5.677615168796163e-02	  1.110223024625157e-16	 -5.915507359863676e-03	  1.052611621348646e+00	  1.355548145495669e-01	 -1.507917370878137e-01	 -1.314689919977027e-01	 -5.082581880185684e-02	  2.602775559501402e-02	  7.337004725258778e-02	  1.194766882933349e-01	 -3.449739374110806e-01	  3.449739374110811e-01	 -1.194766882933347e-01	  1.571230463720966e-01	 -1.722631603467125e-01	 -8.915718426883734e-01	 -9.862637852354700e-02	
  6.281560424692251e-02	  4.440892098500626e-16	 -2.065996323511244e-02	  1.567125182966400e+00	  3.012366694606672e-01	  8.721194889923782e-01	 -3.248674435658206e-01	 -1.827285015841582e-01	 -1.505341960211208e-01	 -4.243431991237711e-01	 -2.716619139243784e-01	  3.179613022901495e-02	 -3.179613022901462e-02	  2.716619139243783e-01	 -3.572608858581308e-01	 -3.071399686815561e-01	 -2.591775179907113e-01	 -7.765852696059853e-01	

Svgamma[18][18]
  5.160066662003593e-02	  2.212594090066502e-16	 -1.006968747105879e-03	  8.431633599088377e-01	  5.452617955064105e-02	  3.738287415746835e-01	 -6.465536787593688e-02	 -4.555891546812150e-02	 -6.452557220977770e-02	 -1.818921445127814e-01	  3.532118093628873e-02	  1.287272092598267e-02	 -1.287272092598269e-02	 -3.532118093628871e-02	  4.645066438855519e-02	 -4.174896389362533e-03	  2.206427484350981e-02	 -2.982002168317681e-02	
  5.160066662003591e-02	  6.661338147750939e-16	 -1.006968747105879e-03	  8.431633599088373e-01	  5.452617955064058e-02	  3.738287415746837e-01	 -6.465536787593691e-02	 -4.555891546812152e-02	 -6.452557220977792e-02	 -1.818921445127815e-01	  3.532118093628869e-02	  1.287272092598271e-02	 -1.287272092598266e-02	 -3.532118093628871e-02	  4.645066438855520e-02	 -4.174896389362512e-03	  2.206427484350983e-02	 -2.982002168317680e-02	
  1.662747494966573e+00	 -3.879152115728007e-16	  1.001765432242337e+00	 -1.478246256816313e+00	 -9.559609045149221e-02	 -6.554019828172760e-01	  1.133547306372742e-01	  7.987455273512238e-02	  1.131271709889618e-01	  3.188959513129014e-01	 -6.192560776246946e-02	 -2.256864141479336e-02	  2.256864141479339e-02	  6.192560776246941e-02	 -8.143797990277543e-02	  7.319489026228994e-03	 -3.868340732964391e-02	  5.228089540810153e-02	
  4.402396079788981e-02	  1.262185251371965e-16	 -4.908972118701182e-03	  8.334417066243848e-01	  2.902762181570459e-02	  5.111579551259615e-01	 -4.287785486529373e-02	 -4.229680249834603e-02	 -8.822959787722277e-02	 -2.487117931355060e-01	  3.114108605085057e-02	  1.768713977936812e-02	 -1.768713977936811e-02	 -3.114108605085055e-02	  4.095344771887367e-02	 -2.011865454256871e-02	  1.511760081555888e-02	 -2.657861786073482e-02	
  4.402396079788986e-02	  2.335626432111185e-16	 -4.908972118701185e-03	  8.334417066243855e-01	  9.269803380072306e-02	  5.111579551259618e-01	 -1.065482668503125e-01	 -4.229680249834605e-02	 -8.822959787722277e-02	 -2.487117931355062e-01	  3.114108605085062e-02	  1.768713977936814e-02	 -1.768713977936810e-02	 -3.114108605085055e-02	  4.095344771887363e-02	 -2.011865454256870e-02	  1.511760081555890e-02	 -2.657861786073484e-02	
  4.180874174312268e-02	  6.675938549184883e-16	 -3.277848630520708e-03	  7.578278587640276e-01	  6.180108937200510e-02	  8.179094095124348e-01	 -8.396299807673749e-02	 -2.776450481984052e-02	 -1.411771402119645e-01	 -3.979664481835407e-01	  3.159881066520298e-02	  2.839225585564991e-02	 -2.839225585564977e-02	 -3.159881066520290e-02	  4.155539849968184e-02	 -4.750489637841401e-02	  8.194692070399495e-03	 -2.744335366065376e-02	
  4.402396079788985e-02	  2.335626432111184e-16	 -4.908972118701184e-03	  8.334417066243854e-01	 -9.073019661992768e-01	  5.111579551259617e-01	  8.934517331496875e-01	 -4.229680249834604e-02	 -8.822959787722276e-02	 -2.487117931355061e-01	  3.114108605085062e-02	  1.768713977936814e-02	 -1.768713977936809e-02	 -3.114108605085054e-02	  4.095344771887363e-02	 -2.011865454256870e-02	  1.511760081555889e-02	 -2.657861786073483e-02	
 -2.071283489048806e-01	  1.776356839400250e-15	 -6.296220330478733e-02	 -1.429058790163488e+00	  4.114600306805620e-01	  6.772902931677961e+00	 -5.949772450470471e-01	  4.277727323013636e-01	 -1.169052532844087e+00	 -3.295460465748302e+00	  4.227367303885232e-01	  2.343062665772592e-01	 -2.343062665772591e-01	 -4.227367303885229e-01	  5.559384331857982e-01	 -2.580794303127837e-01	  2.091836263877176e-01	 -3.605387379080245e-01	
  4.640136908720687e-02	  8.132856611671799e-16	 -6.543632869331964e-03	  9.090066615685670e-01	  1.290996157607906e-01	  2.559249195182831e-03	 -1.291689606617766e-01	 -5.685455210520495e-02	 -4.417451104778980e-04	 -1.245242199660479e-03	  4.874652736413275e-02	 -1.536487268372503e-04	  1.536487268369628e-04	 -4.874652736413247e-02	  6.410625360412306e-02	  4.071351508765689e-02	  4.270858618875005e-02	 -4.034111754582233e-02	
  4.640136908720673e-02	  1.149779806695964e-15	 -6.543632869331972e-03	  9.090066615685597e-01	  1.290996157607920e-01	  2.559249195183355e-03	 -1.291689606617763e-01	 -5.685455210520499e-02	 -4.417451104781200e-04	 -1.245242199659380e-03	  4.874652736413251e-02	 -1.536487268367359e-04	  1.536487268370690e-04	 -4.874652736413249e-02	  6.410625360412323e-02	  4.071351508765669e-02	  4.270858618874999e-02	 -4.034111754582226e-02	
  4.414013677520449e-02	 -1.442706249832302e-16	 -4.598960940399128e-03	  8.183439623180823e-01	  1.053859389350624e-01	 -1.172317549137105e-01	 -1.022094509041425e-01	 -3.951410102529734e-02	  2.023505746267584e-02	  5.704091990474085e-02	  9.288613627250253e-02	 -4.555064439072498e-03	  4.555064439072665e-03	 -9.288613627250243e-02	  1.221539775277103e-01	  8.863396521450440e-02	  8.429654972605982e-02	 -7.667624008048984e-02	
  3.078684229515562e-02	  9.634365351716298e-17	 -3.207681161359350e-03	  5.707781704299633e-01	  7.350453621483216e-02	 -8.176675049498679e-02	 -7.128900080409206e-02	 -2.756027700811400e-02	  1.411353857169666e-02	  3.978487457846624e-02	  6.478617960319218e-02	  3.551875829657134e-01	 -3.551875829657133e-01	 -6.478617960319211e-02	  8.519990005976096e-02	  3.643408372521444e-01	  5.879511872966832e-02	 -5.348010866313396e-02	
  5.677615168796162e-02	  1.432044673112109e-16	 -5.915507359863677e-03	  1.052611621348646e+00	  1.355548145495667e-01	 -1.507917370878135e-01	 -1.314689919977027e-01	 -5.082581880185684e-02	  2.602775559501389e-02	  7.337004725258761e-02	  1.194766882933348e-01	 -3.449739374110806e-01	  3.449739374110807e-01	 -1.194766882933347e-01	  1.571230463720966e-01	 -1.722631603467125e-01	  1.084281573116263e-01	 -9.862637852354700e-02	
  6.281560424692256e-02	  1.502589495603219e-15	 -2.065996323511248e-02	  1.567125182966401e+00	  3.012366694606682e-01	  8.721194889923796e-01	 -3.248674435658211e-01	 -1.827285015841585e-01	 -1.505341960211211e-01	 -4.243431991237724e-01	 -2.716619139243789e-01	  3.179613022901507e-02	 -3.179613022901454e-02	  2.716619139243788e-01	 -3.572608858581316e-01	 -3.071399686815564e-01	 -2.591775179907115e-01	  2.234147303940152e-01	
  4.414013677520442e-02	  1.009869681500181e-15	 -4.598960940399112e-03	  8.183439623180804e-01	  1.053859389350615e-01	 -1.172317549137110e-01	 -1.022094509041424e-01	 -3.951410102529723e-02	  2.023505746267573e-02	  5.704091990474081e-02	  9.288613627250224e-02	 -4.555064439072540e-03	  4.555064439072568e-03	 -9.288613627250207e-02	  1.221539775277104e-01	  8.863396521450410e-02	  8.429654972605957e-02	 -7.667624008048970e-02	
  3.078684229515558e-02	  5.551115123125784e-17	 -3.207681161359347e-03	  5.707781704299627e-01	  7.350453621483190e-02	 -8.176675049498673e-02	 -7.128900080409198e-02	 -2.756027700811397e-02	  1.411353857169665e-02	  3.978487457846631e-02	  6.478617960319212e-02	  3.551875829657130e-01	 -3.551875829657128e-01	 -6.478617960319202e-02	  8.519990005976093e-02	  3.643408372521439e-01	  5.879511872966831e-02	 -5.348010866313390e-02	
  5.677615168796164e-02	  1.110223024625157e-16	 -5.915507359863677e-03	  1.052611621348646e+00	  1.355548145495669e-01	 -1.507917370878137e-01	 -1.314689919977027e-01	 -5.082581880185685e-02	  2.602775559501403e-02	  7.337004725258779e-02	  1.194766882933349e-01	 -3.449739374110807e-01	  3.449739374110811e-01	 -1.194766882933347e-01	  1.571230463720966e-01	 -1.722631603467126e-01	  1.084281573116264e-01	 -9.862637852354703e-02	
  6.281560424692252e-02	  4.440892098500627e-16	 -2.065996323511245e-02	  1.567125182966401e+00	  3.012366694606672e-01	  8.721194889923785e-01	 -3.248674435658206e-01	 -1.827285015841583e-01	 -1.505341960211209e-01	 -4.243431991237712e-01	 -2.716619139243785e-01	  3.179613022901496e-02	 -3.179613022901463e-02	  2.716619139243784e-01	 -3.572608858581308e-01	 -3.071399686815561e-01	 -2.591775179907114e-01	  2.234147303940145e-01	

Sxf[12][57]
 -4.158922709422090e-01	  1.093978874387591e+01	  1.774536196904999e+00	  1.234031990004844e+00	 -1.370812002999386e+01	  1.009287004403886e-01	  1.247510305916043e-01	  3.106324256264589e-01	 -4.851011680496362e-01	  3.073595027117185e+01	 -1.844804616538941e-01	  5.967590199288465e-03	 -6.455181752587829e-01	 -1.427960436655335e-01	  6.198626541516798e+00	  2.393353382641958e+00	 -3.681696637990040e+01	  3.272765053194273e-01	 -1.058676917919761e-02	  1.145177817883071e+00	 -6.690747642393954e-01	 -4.695800340920985e-01	  7.312235208146356e-01	  4.331144875361395e-03	 -2.936074083315716e+00	 -8.962610894671595e-01	 -2.693962127798076e+00	 -5.413386826549181e-01	 -2.755955058639286e-02	  5.829458612560995e+00	 -3.262552458201083e+00	 -2.564875506221857e+00	  8.962610894671598e-01	  9.269744607090095e+00	 -8.832762977953570e-02	  9.990338565287236e-01	  1.048582821085589e+00	 -1.302301914498904e+00	  5.344448279938369e-02	  6.565421873897290e-01	 -5.766439084796796e-01	 -5.344448279938373e-02	  3.262046217086966e-01	 -2.778806322412901e-01	  8.832762977953566e-02	  3.795409962015420e-02	 -7.588195951020160e-01	  9.138395413030361e-01	  1.746711469379872e-01	 -3.795409962015428e-02	 -7.871799287344550e-01	  1.038386083879624e+00	 -8.050385642679239e-01	 -5.072441384306692e-01	  3.894172724706331e-01	  7.863791456884093e-01	 -7.867966129725688e-01	
 -2.269749980829111e-01	  5.970436823803645e+00	  2.278051969683890e-17	  1.584182396722317e-17	 -1.759773054472244e-16	  4.225108197744972e-04	  5.222365885321523e-04	 -1.284782071394624e-02	  2.006388361633024e-02	 -1.271245195218756e+00	 -1.349131432402174e-02	  4.364182223622093e-04	 -4.720764749940855e-02	 -2.506246809697298e-03	  1.087935463434076e-01	  4.200630581736807e-02	 -6.461832006248344e-01	  1.599756113371905e-02	 -5.174905145955587e-04	  5.597729092310719e-02	 -3.270495825388240e-02	 -1.372557872316301e-02	  2.137328095427767e-02	  7.601693819778664e-05	 -5.153172395714667e-02	 -1.573048831376740e-02	 -4.728236031562359e-02	 -9.501162017817857e-03	 -4.837041276551139e-04	  1.023141935515672e-01	 -5.726182238626096e-02	 -4.501673078419358e-02	  1.573048831376740e-02	  1.626954588647040e-01	 -2.778647929772373e-03	  3.142802953214986e-02	  3.298676181254664e-02	 -4.096836434638900e-02	  9.323791045900261e-04	  1.145387109651423e-02	 -1.005998566912461e-02	 -9.323791045900274e-04	  5.690884393877796e-03	 -8.741686439773480e-03	  2.778647929772375e-03	  1.193976115957658e-03	 -2.387126771389305e-02	  2.874795073663491e-02	  5.494878805665098e-03	 -1.193976115957659e-03	 -2.476343908237787e-02	  4.400459686959506e-03	 -3.411582458109513e-03	 -2.348559979472876e-02	  1.803017032921354e-02	  2.435497184154818e-02	 -2.436790123318607e-02	
 -1.500997125432608e-01	  3.948280024583457e+00	 -2.429922100996149e-16	 -1.689794556503805e-16	  1.877091258103727e-15	 -1.719567416930647e-02	 -2.125439111945580e-02	  1.681483136391485e-01	 -2.625899185747453e-01	  1.663766490498042e+01	 -2.877105138792948e+00	  9.306885008123492e-02	 -1.006731901346631e+01	  2.812064573144361e-02	 -1.220687748210984e+00	 -4.713200790147063e-01	  7.250318999738099e+00	 -2.843210969286836e-01	  9.197243850493926e-03	 -9.948719448746310e-01	  5.812579510104939e-01	  1.033694393161809e-01	 -1.609654582259943e-01	 -8.529269265811784e-04	  5.781973857173657e-01	  1.764995719266345e-01	  5.305185820636344e-01	  1.066051476280476e-01	  5.427267721597327e-03	 -1.147987971108667e+00	  6.424903624936181e-01	  5.050977156248123e-01	 -1.764995719266346e-01	 -1.825479175932228e+00	  1.983487539084852e-02	 -2.243433012404585e-01	 -2.354700295380935e-01	  2.924452547840688e-01	 -1.051355401231344e-02	 -1.291544306714467e-01	  1.134369079859923e-01	  1.051355401231339e-02	 -6.417070069279793e-02	  6.240094665500888e-02	 -1.983487539084847e-02	 -8.522982428223439e-03	  1.704007245586671e-01	 -2.052120437763108e-01	 -3.922419793827922e-02	  8.522982428223443e-03	  1.767693284150860e-01	 -1.770208501517299e-01	  1.372404862353263e-01	  1.288648819100455e-01	 -9.893108077289121e-02	 -1.758279922802646e-01	  1.759213345755415e-01	
 -4.160851672683188e-01	  1.094486276232865e+01	  0.000000000000000e+00	  0.000000000000000e+00	  0.000000000000000e+00	  1.257527696310597e-01	  1.554343565583602e-01	  2.851753267862244e-01	 -4.453459224159976e-01	  2.821706280337522e+01	 -2.440428805148278e-01	  7.894320563327097e-03	 -8.539338719261247e-01	 -2.690393070042892e-01	  1.167871424375182e+01	  4.509271538296707e+00	 -6.936614535378354e+01	  5.130821875191176e-01	 -1.659722772925932e-02	  1.795333090972532e+00	 -1.048930607819617e+00	 -8.293539699595031e-01	  1.291458507361584e+00	  5.157070851034767e-03	 -3.495967580692548e+00	 -1.067173246894005e+00	 -3.207686180642897e+00	 -6.445690507234058e-01	 -3.281500829150757e-02	  6.941104939520962e+00	 -3.884703621408349e+00	 -3.053983436323192e+00	  1.067173246894005e+00	  1.103743492435638e+01	 -1.471010277122133e-01	  1.663793168473761e+00	  1.746312122356973e+00	 -2.168856455137844e+00	  6.344362618003103e-02	  7.793773075610004e-01	 -6.845305380894940e-01	 -6.344362618003116e-02	  3.872355572336770e-01	 -4.627830123602379e-01	  1.471010277122133e-01	  6.320884047213431e-02	 -1.263739812403907e+00	  1.521910369668712e+00	  2.908977099281561e-01	 -6.320884047213439e-02	 -1.310971174028869e+00	  7.645157046081353e-01	 -5.927127055656515e-01	 -1.101743071633566e+00	  8.458210739434739e-01	  1.296554820695416e+00	 -1.297243126359074e+00	
  2.634429463141502e-01	 -6.929703627845298e+00	 -9.719688403984597e-16	 -6.759178226015219e-16	  7.508365032414907e-15	 -1.403983523300911e-01	 -1.735367548588104e-01	 -1.157252394110500e-01	  1.807230803349282e-01	 -1.145059211537290e+01	  5.410496195740883e-01	 -1.750192068120796e-02	  1.893194325408670e+00	  2.413160735297944e-01	 -1.047527774494952e+01	 -4.044612343890956e+00	  6.221829077341907e+01	 -7.823656931038853e-01	  2.530803425235098e-02	 -2.737586788702794e+00	  1.599446135467520e+00	  9.161911393251724e-01	 -1.426680143954182e+00	 -7.319354573008913e-03	  4.961775208827822e+00	  1.514623244565105e+00	  4.552621670954004e+00	  9.148273439147615e-01	  4.657385712542195e-02	 -9.851407833697612e+00	  5.513502536121698e+00	  4.334473633624880e+00	 -1.514623244565104e+00	 -1.566526854515994e+01	  1.767374325954039e-01	 -1.998997135092147e+00	 -2.098141160641103e+00	  2.605815387632440e+00	 -9.019165008197404e-02	 -1.107965128063530e+00	  9.731306748860684e-01	  9.019165008197402e-02	 -5.504952345915999e-01	  5.560197826308231e-01	 -1.767374325954039e-01	 -7.594350873083637e-02	  1.518345135900909e+00	 -1.828529246592326e+00	 -3.495047940872833e-01	  7.594350873083652e-02	  1.575092187375708e+00	 -1.445659407798325e+00	  1.120788878185020e+00	  1.183313816726342e+00	 -9.084438913617328e-01	 -1.564918993026332e+00	  1.565749765924533e+00	
 -3.256396308821028e-01	  8.565748914768744e+00	  4.859844201992298e-16	  3.379589113007610e-16	 -3.754182516207454e-15	  1.486428019382944e-01	  1.837271524443949e-01	  1.655098659520480e-01	 -2.584695694120040e-01	  1.637660008941823e+01	 -5.157528696739946e-01	  1.668361919050122e-02	 -1.804678112422808e+00	 -2.681093857014374e-01	  1.163834733496771e+01	  4.493685460148882e+00	 -6.912638464008168e+01	  7.838622553754360e-01	 -2.535644518033903e-02	  2.742823430773351e+00	 -1.602505664742407e+00	 -9.722575273779820e-01	  1.513985946362499e+00	  1.148696299175993e-02	 -7.786988269077216e+00	 -2.377043082587867e+00	 -7.144864499744355e+00	 -1.435726024552862e+00	 -7.309280727512377e-02	  1.546075628303634e+01	 -3.851359065890495e+00	 -3.027769410706955e+00	  1.058013109842076e+00	  1.094269452779649e+01	 -1.938545911367347e-01	  2.192601570680900e+00	  2.301347772626931e+00	 -2.858190645462817e+00	  1.419296678612921e-01	  1.743544136125965e+00	 -1.531362530197449e+00	 -1.419296678612922e-01	  8.662842484176431e-01	 -6.098707333413946e-01	  1.938545911367347e-01	  8.329869693313725e-02	 -1.665398049536762e+00	  2.005623733887683e+00	  3.833546066792918e-01	 -8.329869693313738e-02	 -1.727641097318527e+00	  3.208718792937487e+00	 -2.487651183223439e+00	 -8.656217480740684e-01	  6.645479653430021e-01	  1.738490856811887e+00	 -1.739413774288156e+00	
 -7.527074675271144e-01	  1.979950399662200e+01	  0.000000000000000e+00	  0.000000000000000e+00	  0.000000000000000e+00	 -1.374951354926635e-01	 -1.699482880409511e-01	  8.885040124068925e-01	 -1.387538127631513e+00	  8.791424490215483e+01	  1.857965432306492e+00	 -6.010162921887364e-02	  6.501232947944902e+00	 -5.600182545435600e-02	  2.430980528058912e+00	  9.386265539628434e-01	 -1.443889670917915e+01	 -1.801963606852141e+00	  5.829007724351790e-02	 -6.305276173691619e+00	  3.683883064706506e+00	  8.482329968337721e-01	 -1.320856666351133e+00	  1.698590612885870e-03	 -1.151471035990553e+00	 -3.514961325639681e-01	 -1.056519445419390e+00	 -2.123024814940927e-01	 -1.080831864750175e-02	  2.286200060827236e+00	 -1.279509492068353e+00	 -1.005894188133302e+00	  3.514961325639701e-01	  3.635413182095165e+00	 -1.542144764378552e+00	  1.744250168523862e+01	  1.830759538765621e+01	 -2.273737090078641e+01	  1.404138951952298e-02	  1.724923529289939e-01	 -1.515007968814456e-01	 -1.404138951952435e-02	  8.570325535143383e-02	  1.638010480733891e+00	 -5.206609116666758e-01	 -2.237263261681650e-01	  4.472979781779338e+00	 -5.386768895299083e+00	 -1.029626163790333e+00	  2.237263261681650e-01	  4.640154166522729e+00	 -1.655847459274822e+01	  1.283743187582841e+01	 -1.809529290616210e+01	  1.389196852993893e+01	 -4.462171463131835e+00	  4.464540308506717e+00	
 -1.119687019326177e-01	  2.945267394110957e+00	 -1.214961050498075e-16	 -8.448972782519024e-17	  9.385456290518634e-16	 -2.045303455503230e-02	 -2.528059043991143e-02	  1.321690633121538e-01	 -2.064026859509252e-01	  1.307764876495786e+01	  2.763809137891125e-01	 -8.940394107927923e-03	  9.670883384941753e-01	 -8.330529418794939e-03	  3.616195479559535e-01	  1.396250221775829e-01	 -2.147852375076505e+00	 -2.680503843703185e-01	  8.670917409589283e-03	 -9.379388659638631e-01	  5.479945697654214e-01	  1.261785643019018e-01	 -1.964835115244204e-01	  2.526731754961752e-04	 -1.712866190054429e-01	 -5.228666832125597e-02	 -1.571621326659906e-01	 -3.158097175262955e-02	 -1.607787169975540e-03	  3.400827867565641e-01	 -1.903329289505095e-01	 -1.496313925207509e-01	  5.228666832125623e-02	  5.407844515283210e-01	  7.745070819862830e-02	 -8.760099177990552e-01	 -9.194572785514782e-01	  1.141932663857560e+00	  2.058981163027453e-01	  2.529368656522729e+00	 -2.221555683850454e+00	  3.909531062792995e-01	 -2.386227791152828e+00	  2.436616018734929e-01	 -7.745070819862829e-02	 -3.328032125348949e-02	  6.653763401365945e-01	 -8.013066786744909e-01	 -1.531616331829624e-01	  3.328032125348950e-02	  6.902442996874639e-01	 -1.496196606057681e+00	  1.159969289171299e+00	  9.510382503041096e-01	 -7.301232156067382e-01	 -6.637685529666191e-01	  6.641209296244142e-01	
 -4.537387277795474e-01	  1.193531636348448e+01	 -4.859844201992298e-16	 -3.379589113007610e-16	  3.754182516207454e-15	  1.275857076715501e-01	  1.576999253070313e-01	  3.176213066682121e-01	 -4.960154000390271e-01	  3.142747466601649e+01	 -2.100259766197345e-01	  6.793938764221755e-03	 -7.349048455812611e-01	 -2.812870407129275e-01	  1.221037552295097e+01	  4.714551419649209e+00	 -7.252396673738639e+01	  4.913130173326619e-01	 -1.589303669739243e-02	  1.719160281723916e+00	 -1.004426336436083e+00	 -8.429742666408030e-01	  1.312667844579458e+00	  8.531713439785071e-03	 -5.783630757615595e+00	 -1.765501501938406e+00	 -5.306706091213125e+00	 -1.066356967312744e+00	 -5.428822976343985e-02	  1.148316942118162e+01	 -6.426744765335378e+00	 -5.052424579998060e+00	  1.765501501938406e+00	  1.826002290932063e+01	 -8.689843201647755e-02	  9.828688472724577e-01	  1.031616077768494e+00	 -1.281229833342941e+00	  1.056774156873228e-01	  1.298201011945216e+00	 -1.140215693520985e+00	 -1.056774156873228e-01	  6.450144075083709e-01	 -2.733843451905941e-01	  8.689843201647768e-02	  3.733997791880891e-02	 -7.465414068319213e-01	  8.990530307685167e-01	  1.959346270152448e+00	 -4.257441760209275e-01	 -8.830067726367545e+00	  3.025636231995453e+00	 -2.345711182012526e+00	  3.474088954425138e-02	 -2.667098823730426e-02	  8.008296365953612e-01	 -8.012547752518183e-01	
 -3.915724952584588e-02	  1.030007209880354e+00	 -3.037402626245186e-17	 -2.112243195629756e-17	  2.346364072629658e-16	 -7.152753973285472e-03	 -8.841027634776498e-03	  4.622163964020812e-02	 -7.218232717790186e-02	  4.573463361297120e+00	  9.665483495498936e-02	 -3.126599102258173e-03	  3.382062909574605e-01	 -2.913319646506749e-03	  1.264641513952382e-01	  4.882910794794780e-02	 -7.511383979977269e-01	 -9.374151530848307e-02	  3.032358782096233e-03	 -3.280122532512534e-01	  1.916424834506564e-01	  4.412666612993259e-02	 -6.871343291187043e-02	  8.836385892323503e-05	 -5.990167578142450e-02	 -1.828548588124814e-02	 -5.496211654324405e-02	 -1.104437195253546e-02	 -5.622689404497412e-04	  1.189324008461378e-01	 -6.656247561381343e-02	 -5.232849602347676e-02	  1.828548588124825e-02	  1.891209895505944e-01	  2.708575391641377e-02	 -3.063547075772677e-01	 -3.215489459390368e-01	  3.993521536696358e-01	 -1.367225668535102e-01	 -1.679577168788266e+00	  1.475180059721554e+00	  1.367225668535101e-01	 -8.345021013096141e-01	  8.521236720391277e-02	 -2.708575391641376e-02	 -1.163866170751394e-02	  2.326927697616974e-01	 -2.802297876282103e-01	 -5.356307776025251e-02	  1.163866170751395e-02	  2.413894937615706e-01	 -3.560712481680199e+00	  2.760544376050216e+00	  3.325933178915731e-01	 -2.553357897757103e-01	 -2.321305008212477e-01	  2.322537325858230e-01	
 -7.221260035208669e-02	  1.899507751630090e+00	 -6.074805252490373e-17	 -4.224486391259512e-17	  4.692728145259317e-16	 -1.319088981846730e-02	 -1.630435240019780e-02	  8.524053224814482e-02	 -1.331164371374165e-01	  8.434241064768091e+00	  1.782478864889270e-01	 -5.765978309675105e-03	  6.237096839335560e-01	 -5.372654869239823e-03	  2.332213149328152e-01	  9.004914544538320e-02	 -1.385226429346478e+00	 -1.728752316196875e-01	  5.592183197420972e-03	 -6.049101517966877e-01	  3.534211987685487e-01	  8.137704626080849e-02	 -1.267192085697861e-01	  1.629579224092331e-04	 -1.104688359372416e-01	 -3.372153305391737e-02	 -1.013594520683173e-01	 -2.036769251174860e-02	 -1.036919160021403e-03	  2.193314912363177e-01	 -1.227524789955736e-01	 -9.650260976259054e-02	  3.372153305391743e-02	  3.487711369409117e-01	  4.995071784880947e-02	 -5.649699693451524e-01	 -5.929907183956841e-01	  7.364730113042220e-01	  1.327910222158811e-01	  1.631279855744775e+00	 -1.432760315952776e+00	 -1.327910222158813e-01	  8.105054609816934e-01	  1.571460378975248e-01	 -4.995071784880941e-02	 -2.146366347725960e-02	  4.291248795840592e-01	 -5.167911920725984e-01	 -9.877938759145523e-02	  2.146366347725961e-02	  4.451631116401878e-01	 -9.649504343313045e-01	  7.481054728135560e-01	 -5.043460132495640e+00	  3.871923477888101e+00	 -4.280879604240380e-01	  4.283152206701921e-01	
 -7.989407507377168e-02	  2.101564189241391e+00	 -2.429922100996149e-16	 -1.689794556503805e-16	  1.877091258103727e-15	 -4.606930261586790e-02	 -5.694309898858221e-02	  1.269058615601985e-01	 -1.981833723605768e-01	  1.255687406801821e+01	  3.961113431695443e-01	 -1.281344456824035e-02	  1.386038766109692e+00	  3.107330089556025e-02	 -1.348859413184484e+00	 -5.208084754955361e-01	  8.011599236348466e+00	 -4.271846440651067e-01	  1.381860643861659e-02	 -1.494767789842310e+00	  8.733241169743847e-01	  2.925659847124591e-01	 -4.555796964955435e-01	 -9.424838705587546e-04	  6.389078513703019e-01	  1.950319476583501e-01	  5.862227947602354e-01	  1.177986402196285e-01	  5.997128393299475e-03	 -1.268526192158399e+00	  7.099515618141844e-01	  5.581327487697129e-01	 -1.950319476583493e-01	 -2.017153669017453e+00	 -1.135761947082792e-01	  1.284608950704098e+00	  1.348321549583412e+00	 -1.674566567440726e+00	 -1.223930325666554e-02	 -1.503545082926707e-01	  1.320570299741600e-01	  1.223930325666542e-02	 -7.470401208306947e-02	 -3.573131631842870e-01	  1.135761947082793e-01	  4.880332710382306e-02	 -9.757291381742917e-01	  1.175061732486397e+00	  2.246011156878516e-01	 -4.880332710382298e-02	 -1.012196309122601e+00	 -1.720477237171661e+00	  1.333849274725913e+00	 -1.466120189803040e+00	  1.125557659855073e+00	 -3.370769657547614e+00	  3.372559107410545e+00	

Svf[18][57]
 -6.562999086329399e-02	  1.726356283756738e+00	 -1.210664695456414e-16	 -8.419095456989826e-17	  9.352267364474032e-16	 -2.245422579276415e-03	 -2.775412540299546e-03	  6.827940345051356e-02	 -1.066289789315388e-01	  6.755998974569087e+00	  7.169923322541680e-02	 -2.319333102576629e-03	  2.508837943280807e-01	  1.331938239768002e-02	 -5.781804252241959e-01	 -2.232414014974812e-01	  3.434123532757123e+00	 -8.501861562309691e-02	  2.750189655863520e-03	 -2.974898324084442e-01	  1.738096358260237e-01	  7.294422518002093e-02	 -1.135877364597858e-01	 -4.039900079431593e-04	  2.738639843215697e-01	  8.359926418364612e-02	  2.512808536142313e-01	  5.049367430533054e-02	  2.570632795878881e-03	 -5.437460761448962e-01	  3.043164409026264e-01	  2.392402253792820e-01	 -8.359926418364613e-02	 -8.646407139952592e-01	  1.476705094724098e-02	 -1.670234319000860e-01	 -1.753072733868389e-01	  2.177252889961548e-01	 -4.955104096527894e-03	 -6.087129506875398e-02	  5.346352782327733e-02	  4.955104096527902e-03	 -3.024405462772550e-02	  4.645746142855729e-02	 -1.476705094724098e-02	 -6.345354496055210e-03	  1.268632210397252e-01	 -1.527802240104015e-01	 -2.920238811212704e-02	  6.345354496055219e-03	  1.316046421859315e-01	 -2.338612664539131e-02	  1.813076476145858e-02	  1.248135990815082e-01	 -9.582086344445240e-02	 -1.294338538356041e-01	  1.295025667455730e-01	
 -6.562999086329396e-02	  1.726356283756738e+00	 -3.644883151494224e-16	 -2.534691834755707e-16	  2.815636887155590e-15	 -2.245422579276416e-03	 -2.775412540299548e-03	  6.827940345051353e-02	 -1.066289789315387e-01	  6.755998974569083e+00	  7.169923322541617e-02	 -2.319333102576609e-03	  2.508837943280785e-01	  1.331938239768003e-02	 -5.781804252241962e-01	 -2.232414014974813e-01	  3.434123532757125e+00	 -8.501861562309695e-02	  2.750189655863521e-03	 -2.974898324084443e-01	  1.738096358260237e-01	  7.294422518002097e-02	 -1.135877364597858e-01	 -4.039900079431606e-04	  2.738639843215707e-01	  8.359926418364641e-02	  2.512808536142321e-01	  5.049367430533071e-02	  2.570632795878890e-03	 -5.437460761448981e-01	  3.043164409026264e-01	  2.392402253792820e-01	 -8.359926418364615e-02	 -8.646407139952593e-01	  1.476705094724096e-02	 -1.670234319000858e-01	 -1.753072733868387e-01	  2.177252889961545e-01	 -4.955104096527909e-03	 -6.087129506875416e-02	  5.346352782327749e-02	  4.955104096527891e-03	 -3.024405462772543e-02	  4.645746142855727e-02	 -1.476705094724098e-02	 -6.345354496055209e-03	  1.268632210397252e-01	 -1.527802240104014e-01	 -2.920238811212705e-02	  6.345354496055220e-03	  1.316046421859315e-01	 -2.338612664539120e-02	  1.813076476145849e-02	  1.248135990815084e-01	 -9.582086344445252e-02	 -1.294338538356041e-01	  1.295025667455729e-01	
 -2.114819634137222e+00	  5.562902137240489e+01	  2.122554939426688e-16	  1.476048051521124e-16	 -1.639653106578759e-15	  2.233819795460868e+00	  2.761071136591729e+00	 -1.197084424770135e-01	  1.869434755688802e-01	 -1.184471559140259e+01	 -1.257041377409138e-01	  4.066288503766056e-03	 -4.398531144681821e-01	 -2.335173479858562e-02	  1.013674324563322e+00	  3.913900696132708e-01	 -6.020755287909921e+00	  1.490558725394996e-01	 -4.821672474898278e-03	  5.215634977855796e-01	 -3.047255796150885e-01	 -1.278868757299780e-01	  1.991436704034086e-01	  7.082811533671677e-04	 -4.801423175503414e-01	 -1.465674449675261e-01	 -4.405492445793741e-01	 -8.852624364847542e-02	 -4.506870778360277e-03	  9.533035233014113e-01	 -5.335320070129805e-01	 -4.194394401638276e-01	  1.465674449675261e-01	  1.515900666144541e+00	 -2.588980833955468e-02	  2.928279082639590e-01	  3.073512595528197e-01	 -3.817191410068083e-01	  8.687360517681295e-03	  1.067204391954078e-01	 -9.373303399889134e-02	 -8.687360517681307e-03	  5.302431612922213e-02	 -8.144989657209276e-02	  2.588980833955469e-02	  1.112476772351723e-02	 -2.224184429099368e-01	  2.678565091862533e-01	  5.119805125487940e-02	 -1.112476772351724e-02	 -2.307311713735253e-01	  4.100089712000732e-02	 -3.178712028561233e-02	 -2.188250159043441e-01	  1.679945304157709e-01	  2.269253136882972e-01	 -2.270457821607025e-01	
 -5.599331043931984e-02	  1.472869370446991e+00	 -6.906296685063866e-17	 -4.802714679304728e-17	  5.335047213278824e-16	 -1.094643390676257e-02	 -1.353013469125228e-02	  6.749214356900383e-02	 -1.053995493660039e-01	  6.678102468691528e+00	  3.816988910089395e-02	 -1.234722929812303e-03	  1.335607952264633e-01	  1.821237243894122e-02	 -7.905799928773416e-01	 -3.052510564282256e-01	  4.695678441576928e+00	 -5.638226153983538e-02	  1.823858355309673e-03	 -1.972879635049944e-01	  1.152662893116330e-01	  6.772126715775482e-02	 -1.054546186165356e-01	 -5.523992229214169e-04	  3.744702818161864e-01	  1.143101751624160e-01	  3.435910431999141e-01	  6.904296121263515e-02	  3.514976932448282e-03	 -7.434958885697766e-01	  4.161097110611556e-01	  3.271271862982663e-01	 -1.143101751624159e-01	 -1.182273940261417e+00	  1.301944023601053e-02	 -1.472569978532397e-01	 -1.545604858378541e-01	  1.919585297078681e-01	 -6.808321199577166e-03	 -8.363725980100239e-02	  7.345897539033742e-02	  6.808321199577164e-03	 -4.155538093082599e-02	  4.095944036130477e-02	 -1.301944023601054e-02	 -5.594411770694583e-03	  1.118495582073610e-01	 -1.346994063238715e-01	 -2.574642344859368e-02	  5.594411770694595e-03	  1.160298545622215e-01	 -1.126967855456719e-01	  8.737141208049473e-02	  8.551752462521893e-02	 -6.565280634099377e-02	 -1.153645351398094e-01	  1.154257790314324e-01	
 -5.599331043931990e-02	  1.472869370446993e+00	 -1.277984279098771e-16	 -8.887243246329748e-17	  9.872304619587876e-16	 -1.094643390676258e-02	 -1.353013469125229e-02	  6.749214356900390e-02	 -1.053995493660040e-01	  6.678102468691534e+00	  1.218933363714361e-01	 -3.943016365892751e-03	  4.265186858558231e-01	  1.821237243894123e-02	 -7.905799928773422e-01	 -3.052510564282258e-01	  4.695678441576931e+00	 -1.401057088103779e-01	  4.532151791390133e-03	 -4.902458541343556e-01	  2.864281198535900e-01	  6.772126715775485e-02	 -1.054546186165357e-01	 -5.523992229214169e-04	  3.744702818161864e-01	  1.143101751624160e-01	  3.435910431999141e-01	  6.904296121263515e-02	  3.514976932448282e-03	 -7.434958885697766e-01	  4.161097110611559e-01	  3.271271862982665e-01	 -1.143101751624160e-01	 -1.182273940261417e+00	  1.301944023601056e-02	 -1.472569978532399e-01	 -1.545604858378543e-01	  1.919585297078684e-01	 -6.808321199577175e-03	 -8.363725980100249e-02	  7.345897539033751e-02	  6.808321199577159e-03	 -4.155538093082595e-02	  4.095944036130478e-02	 -1.301944023601054e-02	 -5.594411770694584e-03	  1.118495582073611e-01	 -1.346994063238715e-01	 -2.574642344859365e-02	  5.594411770694589e-03	  1.160298545622214e-01	 -1.126967855456718e-01	  8.737141208049470e-02	  8.551752462521901e-02	 -6.565280634099384e-02	 -1.153645351398094e-01	  1.154257790314324e-01	
 -5.317581183227452e-02	  1.398756813660564e+00	 -3.652872050422828e-16	 -2.540247402943049e-16	  2.821808234103136e-15	 -7.309219226093401e-03	 -9.034423581166334e-03	  6.136893106951704e-02	 -9.583719434229139e-02	  6.072232831919091e+00	  8.126538035463968e-02	 -2.628779671289165e-03	  2.843568341489491e-01	  2.914181543684321e-02	 -1.265015654480635e+00	 -4.884355389807693e-01	  7.513606201167367e+00	 -1.104071957914837e-01	  3.571461680165810e-03	 -3.863273699762738e-01	  2.257133258692700e-01	  4.445365458726382e-02	 -6.922261480564020e-02	 -8.839000111490921e-04	  5.991939751867054e-01	  1.829089558927343e-01	  5.497837692619926e-01	  1.104763939798230e-01	  5.624352860868919e-03	 -1.189675866523835e+00	  6.658216792939313e-01	  5.234397725743033e-01	 -1.829089558927340e-01	 -1.891769404474718e+00	  1.321080537502274e-02	 -1.494214423572947e-01	 -1.568322800411369e-01	  1.947800158897795e-01	 -1.092904787643093e-02	 -1.342585917766947e-01	  1.179199152713917e-01	  1.092904787643088e-02	 -6.670671585596258e-02	  4.156147922445978e-02	 -1.321080537502272e-02	 -5.676640758023029e-03	  1.134935694602874e-01	 -1.366792741329905e-01	 -2.612485507184274e-02	  5.676640758023055e-03	  1.177353095468723e-01	 -2.661037351280025e-01	  2.063045452933989e-01	  4.635588606131400e-02	 -3.558795724836884e-02	 -1.191179223211562e-01	  1.191811587838712e-01	
 -5.599331043931990e-02	  1.472869370446992e+00	 -1.277984279098771e-16	 -8.887243246329747e-17	  9.872304619587874e-16	 -1.094643390676257e-02	 -1.353013469125229e-02	  6.749214356900389e-02	 -1.053995493660040e-01	  6.678102468691534e+00	 -1.193057276642379e+00	  3.859312171842975e-02	 -4.174643478734729e+00	  1.821237243894122e-02	 -7.905799928773419e-01	 -3.052510564282257e-01	  4.695678441576930e+00	  1.174844904203437e+00	 -3.800398629293236e-02	  4.110916310456196e+00	 -2.401819453952440e+00	  6.772126715775484e-02	 -1.054546186165356e-01	 -5.523992229214169e-04	  3.744702818161863e-01	  1.143101751624160e-01	  3.435910431999141e-01	  6.904296121263513e-02	  3.514976932448282e-03	 -7.434958885697764e-01	  4.161097110611559e-01	  3.271271862982664e-01	 -1.143101751624160e-01	 -1.182273940261417e+00	  1.301944023601055e-02	 -1.472569978532399e-01	 -1.545604858378543e-01	  1.919585297078684e-01	 -6.808321199577175e-03	 -8.363725980100249e-02	  7.345897539033751e-02	  6.808321199577157e-03	 -4.155538093082595e-02	  4.095944036130476e-02	 -1.301944023601053e-02	 -5.594411770694583e-03	  1.118495582073610e-01	 -1.346994063238714e-01	 -2.574642344859365e-02	  5.594411770694589e-03	  1.160298545622214e-01	 -1.126967855456718e-01	  8.737141208049469e-02	  8.551752462521900e-02	 -6.565280634099382e-02	 -1.153645351398094e-01	  1.154257790314324e-01	
  2.634429463141502e-01	 -6.929703627845298e+00	 -9.719688403984597e-16	 -6.759178226015219e-16	  7.508365032414907e-15	 -1.403983523300911e-01	 -1.735367548588104e-01	 -1.157252394110500e-01	  1.807230803349282e-01	 -1.145059211537290e+01	  5.410496195740883e-01	 -1.750192068120796e-02	  1.893194325408670e+00	  2.413160735297944e-01	 -1.047527774494952e+01	 -4.044612343890956e+00	  6.221829077341907e+01	 -7.823656931038853e-01	  2.530803425235098e-02	 -2.737586788702794e+00	  1.599446135467520e+00	 -6.849054721835343e-01	  1.066525308648513e+00	 -7.319354573008913e-03	  4.961775208827822e+00	  1.514623244565105e+00	  4.552621670954004e+00	  9.148273439147615e-01	  4.657385712542195e-02	 -9.851407833697612e+00	  5.513502536121698e+00	  4.334473633624880e+00	 -1.514623244565104e+00	 -1.566526854515994e+01	  1.767374325954039e-01	 -1.998997135092147e+00	 -2.098141160641103e+00	  2.605815387632440e+00	 -9.019165008197404e-02	 -1.107965128063530e+00	  9.731306748860684e-01	  9.019165008197402e-02	 -5.504952345915999e-01	  5.560197826308231e-01	 -1.767374325954039e-01	 -7.594350873083637e-02	  1.518345135900909e+00	 -1.828529246592326e+00	 -3.495047940872833e-01	  7.594350873083652e-02	  1.575092187375708e+00	 -1.445659407798325e+00	  1.120788878185020e+00	  1.183313816726342e+00	 -9.084438913617328e-01	 -1.564918993026332e+00	  1.565749765924533e+00	
 -5.901709471433954e-02	  1.552408144035707e+00	 -4.450053634855541e-16	 -3.094616245206446e-16	  3.437623277164179e-15	 -1.459153626914736e-02	 -1.803559522264959e-02	  7.361139671813445e-02	 -1.149557212442234e-01	  7.283580342126934e+00	  1.697596188844996e-01	 -5.491399082633967e-03	  5.940082675017280e-01	  9.118512005793682e-05	 -3.958250459000287e-03	 -1.528321163074016e-03	  2.351017166402457e-02	 -1.698508040045605e-01	  5.494348746917750e-03	 -5.943273346364519e-01	  3.472381451100675e-01	  9.102963072448886e-02	 -1.417500793139810e-01	 -2.765734647197367e-06	  1.874885752531414e-03	  5.723245052769903e-04	  1.720280574652211e-03	  3.456820756571805e-04	  1.759867335576374e-05	 -3.722511281227401e-03	  2.083364706472007e-03	  1.637849865900239e-03	 -5.723245052769494e-04	 -5.919371105857768e-03	  2.037990899527551e-02	 -2.305079297392366e-01	 -2.419404043907075e-01	  3.004812261815031e-01	  5.914409549894248e-05	  7.265594462916294e-04	 -6.381403768098381e-04	 -5.914409549883181e-05	  3.609928712552145e-04	  6.411563415391421e-02	 -2.037990899527542e-02	 -8.757181622409725e-03	  1.750830892961852e-01	 -2.108509730706601e-01	 -4.030202200128903e-02	  8.757181622409745e-03	  1.816266931486533e-01	  2.280610897182949e-01	 -1.768108944085947e-01	  2.415947223150497e-01	 -1.854751010002766e-01	 -1.751006879695411e-01	  1.751936441587558e-01	
 -5.901709471433935e-02	  1.552408144035702e+00	 -6.291248023145834e-16	 -4.375003074694863e-16	  4.859928086570423e-15	 -1.459153626914737e-02	 -1.803559522264962e-02	  7.361139671813385e-02	 -1.149557212442225e-01	  7.283580342126875e+00	  1.697596188845014e-01	 -5.491399082634024e-03	  5.940082675017341e-01	  9.118512005795550e-05	 -3.958250459001097e-03	 -1.528321163074329e-03	  2.351017166402938e-02	 -1.698508040045601e-01	  5.494348746917737e-03	 -5.943273346364505e-01	  3.472381451100667e-01	  9.102963072448891e-02	 -1.417500793139811e-01	 -2.765734647198758e-06	  1.874885752532356e-03	  5.723245052772779e-04	  1.720280574653076e-03	  3.456820756573543e-04	  1.759867335577259e-05	 -3.722511281229272e-03	  2.083364706470167e-03	  1.637849865898793e-03	 -5.723245052764442e-04	 -5.919371105852542e-03	  2.037990899527541e-02	 -2.305079297392355e-01	 -2.419404043907063e-01	  3.004812261815016e-01	  5.914409549874447e-05	  7.265594462891970e-04	 -6.381403768077017e-04	 -5.914409549887269e-05	  3.609928712554640e-04	  6.411563415391423e-02	 -2.037990899527542e-02	 -8.757181622409729e-03	  1.750830892961852e-01	 -2.108509730706602e-01	 -4.030202200128914e-02	  8.757181622409767e-03	  1.816266931486538e-01	  2.280610897182938e-01	 -1.768108944085938e-01	  2.415947223150494e-01	 -1.854751010002764e-01	 -1.751006879695408e-01	  1.751936441587555e-01	
 -5.614107264529754e-02	  1.476756163808317e+00	  7.894053095539962e-17	  5.489611351790647e-17	 -6.098079461300480e-16	 -1.025514522318804e-02	 -1.267568025623088e-02	  6.626952761615434e-02	 -1.034902431317713e-01	  6.557129060806829e+00	  1.385773050056968e-01	 -4.482710850687795e-03	  4.848977949078596e-01	 -4.176924883489372e-03	  1.813159299102381e-01	  7.000794309368939e-02	 -1.076932518991881e+00	 -1.344003801222076e-01	  4.347595317181388e-03	 -4.702822583637163e-01	  2.747643084131078e-01	  6.326589325841628e-02	 -9.851677213096506e-02	  1.266902523312758e-04	 -8.588305798649823e-02	 -2.621651938387863e-02	 -7.880104488842815e-02	 -1.583468950493360e-02	 -8.061439915780547e-04	  1.705174044815246e-01	 -9.543287192373909e-02	 -7.502513410024061e-02	  2.621651938387886e-02	  2.711491573508599e-01	  3.883376122396816e-02	 -4.392311028375979e-01	 -4.610155961303407e-01	  5.725646857659049e-01	  1.753383654611752e-03	  2.153955431196486e-02	 -1.891828586787942e-02	 -1.753383654611816e-03	  1.070198122994007e-02	  1.221718520938250e-01	 -3.883376122396816e-02	 -1.668674282100177e-02	  3.336194919054332e-01	 -4.017749217607191e-01	 -7.679519568041200e-02	  1.668674282100175e-02	  3.460882791610520e-01	  4.964925934140622e-01	 -3.849201089814006e-01	  4.768502856352746e-01	 -3.660835553140884e-01	 -3.328133479138547e-01	  3.329900294614865e-01	
 -3.915724952584593e-02	  1.030007209880356e+00	 -5.271633892008122e-17	 -3.665952192847851e-17	  4.072286058287698e-16	 -7.152753973285481e-03	 -8.841027634776510e-03	  4.622163964020818e-02	 -7.218232717790195e-02	  4.573463361297126e+00	  9.665483495498972e-02	 -3.126599102258185e-03	  3.382062909574618e-01	 -2.913319646506752e-03	  1.264641513952383e-01	  4.882910794794784e-02	 -7.511383979977275e-01	 -9.374151530848319e-02	  3.032358782096237e-03	 -3.280122532512538e-01	  1.916424834506566e-01	  4.412666612993265e-02	 -6.871343291187053e-02	  8.836385892323512e-05	 -5.990167578142457e-02	 -1.828548588124815e-02	 -5.496211654324410e-02	 -1.104437195253547e-02	 -5.622689404497417e-04	  1.189324008461380e-01	 -6.656247561381332e-02	 -5.232849602347668e-02	  1.828548588124822e-02	  1.891209895505941e-01	  2.708575391641380e-02	 -3.063547075772681e-01	 -3.215489459390372e-01	  3.993521536696362e-01	 -1.367225668535104e-01	 -1.679577168788268e+00	  1.475180059721556e+00	  1.367225668535103e-01	 -8.345021013096154e-01	  8.521236720391290e-02	 -2.708575391641380e-02	 -1.163866170751396e-02	  2.326927697616977e-01	 -2.802297876282108e-01	 -5.356307776025254e-02	  1.163866170751396e-02	  2.413894937615707e-01	  2.040893992908781e+00	 -1.582261545470386e+00	  3.325933178915732e-01	 -2.553357897757104e-01	 -2.321305008212480e-01	  2.322537325858234e-01	
 -7.221260035208669e-02	  1.899507751630090e+00	 -7.835716166091462e-17	 -5.449043209386077e-17	  6.053014749041801e-16	 -1.319088981846730e-02	 -1.630435240019780e-02	  8.524053224814478e-02	 -1.331164371374164e-01	  8.434241064768088e+00	  1.782478864889267e-01	 -5.765978309675097e-03	  6.237096839335551e-01	 -5.372654869239816e-03	  2.332213149328149e-01	  9.004914544538309e-02	 -1.385226429346476e+00	 -1.728752316196875e-01	  5.592183197420972e-03	 -6.049101517966877e-01	  3.534211987685487e-01	  8.137704626080849e-02	 -1.267192085697861e-01	  1.629579224092323e-04	 -1.104688359372410e-01	 -3.372153305391719e-02	 -1.013594520683167e-01	 -2.036769251174849e-02	 -1.036919160021398e-03	  2.193314912363166e-01	 -1.227524789955733e-01	 -9.650260976259031e-02	  3.372153305391735e-02	  3.487711369409109e-01	  4.995071784880943e-02	 -5.649699693451521e-01	 -5.929907183956837e-01	  7.364730113042216e-01	  1.327910222158811e-01	  1.631279855744775e+00	 -1.432760315952776e+00	 -1.327910222158812e-01	  8.105054609816926e-01	  1.571460378975248e-01	 -4.995071784880942e-02	 -2.146366347725960e-02	  4.291248795840593e-01	 -5.167911920725985e-01	 -9.877938759145520e-02	  2.146366347725961e-02	  4.451631116401877e-01	 -9.649504343313045e-01	  7.481054728135560e-01	  6.133584109074335e-01	 -4.708824436324980e-01	 -4.280879604240380e-01	  4.283152206701921e-01	
 -7.989407507377175e-02	  2.101564189241393e+00	 -8.221716139700085e-16	 -5.717471836767616e-16	  6.351195985301179e-15	 -4.606930261586797e-02	 -5.694309898858230e-02	  1.269058615601985e-01	 -1.981833723605769e-01	  1.255687406801822e+01	  3.961113431695456e-01	 -1.281344456824040e-02	  1.386038766109697e+00	  3.107330089556030e-02	 -1.348859413184486e+00	 -5.208084754955370e-01	  8.011599236348479e+00	 -4.271846440651074e-01	  1.381860643861661e-02	 -1.494767789842313e+00	  8.733241169743862e-01	  2.925659847124595e-01	 -4.555796964955441e-01	 -9.424838705587563e-04	  6.389078513703031e-01	  1.950319476583504e-01	  5.862227947602365e-01	  1.177986402196287e-01	  5.997128393299486e-03	 -1.268526192158401e+00	  7.099515618141866e-01	  5.581327487697145e-01	 -1.950319476583499e-01	 -2.017153669017460e+00	 -1.135761947082794e-01	  1.284608950704100e+00	  1.348321549583415e+00	 -1.674566567440728e+00	 -1.223930325666559e-02	 -1.503545082926712e-01	  1.320570299741605e-01	  1.223930325666538e-02	 -7.470401208306927e-02	 -3.573131631842875e-01	  1.135761947082795e-01	  4.880332710382315e-02	 -9.757291381742933e-01	  1.175061732486399e+00	  2.246011156878522e-01	 -4.880332710382310e-02	 -1.012196309122603e+00	 -1.720477237171663e+00	  1.333849274725915e+00	 -1.466120189803041e+00	  1.125557659855074e+00	  9.697320097809938e-01	 -9.702468141100575e-01	
 -5.614107264529747e-02	  1.476756163808315e+00	 -5.525702052143398e-16	 -3.842633985980860e-16	  4.268551248088193e-15	 -1.025514522318800e-02	 -1.267568025623084e-02	  6.626952761615419e-02	 -1.034902431317710e-01	  6.557129060806814e+00	  1.385773050056957e-01	 -4.482710850687756e-03	  4.848977949078555e-01	 -4.176924883489389e-03	  1.813159299102389e-01	  7.000794309368967e-02	 -1.076932518991885e+00	 -1.344003801222074e-01	  4.347595317181381e-03	 -4.702822583637155e-01	  2.747643084131073e-01	  6.326589325841611e-02	 -9.851677213096480e-02	  1.266902523312751e-04	 -8.588305798649780e-02	 -2.621651938387849e-02	 -7.880104488842775e-02	 -1.583468950493351e-02	 -8.061439915780506e-04	  1.705174044815237e-01	 -9.543287192373902e-02	 -7.502513410024056e-02	  2.621651938387884e-02	  2.711491573508596e-01	  3.883376122396804e-02	 -4.392311028375965e-01	 -4.610155961303392e-01	  5.725646857659030e-01	  1.753383654611768e-03	  2.153955431196506e-02	 -1.891828586787959e-02	 -1.753383654611779e-03	  1.070198122993984e-02	  1.221718520938246e-01	 -3.883376122396801e-02	 -1.668674282100171e-02	  3.336194919054318e-01	 -4.017749217607175e-01	 -7.679519568041206e-02	  1.668674282100176e-02	  3.460882791610523e-01	  4.964925934140605e-01	 -3.849201089813993e-01	  4.768502856352732e-01	 -3.660835553140873e-01	 -3.328133479138541e-01	  3.329900294614859e-01	
 -3.915724952584589e-02	  1.030007209880355e+00	 -3.037402626245187e-17	 -2.112243195629757e-17	  2.346364072629659e-16	 -7.152753973285473e-03	 -8.841027634776502e-03	  4.622163964020814e-02	 -7.218232717790188e-02	  4.573463361297121e+00	  9.665483495498937e-02	 -3.126599102258174e-03	  3.382062909574606e-01	 -2.913319646506750e-03	  1.264641513952382e-01	  4.882910794794781e-02	 -7.511383979977270e-01	 -9.374151530848308e-02	  3.032358782096234e-03	 -3.280122532512535e-01	  1.916424834506564e-01	  4.412666612993259e-02	 -6.871343291187045e-02	  8.836385892323505e-05	 -5.990167578142452e-02	 -1.828548588124814e-02	 -5.496211654324406e-02	 -1.104437195253546e-02	 -5.622689404497413e-04	  1.189324008461379e-01	 -6.656247561381344e-02	 -5.232849602347678e-02	  1.828548588124825e-02	  1.891209895505944e-01	  2.708575391641378e-02	 -3.063547075772678e-01	 -3.215489459390369e-01	  3.993521536696359e-01	 -1.367225668535102e-01	 -1.679577168788267e+00	  1.475180059721555e+00	  1.367225668535101e-01	 -8.345021013096143e-01	  8.521236720391279e-02	 -2.708575391641376e-02	 -1.163866170751394e-02	  2.326927697616974e-01	 -2.802297876282104e-01	 -5.356307776025252e-02	  1.163866170751395e-02	  2.413894937615707e-01	  2.040893992908779e+00	 -1.582261545470384e+00	  3.325933178915731e-01	 -2.553357897757103e-01	 -2.321305008212477e-01	  2.322537325858231e-01	
 -7.221260035208672e-02	  1.899507751630091e+00	 -6.074805252490374e-17	 -4.224486391259513e-17	  4.692728145259318e-16	 -1.319088981846730e-02	 -1.630435240019781e-02	  8.524053224814483e-02	 -1.331164371374165e-01	  8.434241064768093e+00	  1.782478864889270e-01	 -5.765978309675106e-03	  6.237096839335561e-01	 -5.372654869239823e-03	  2.332213149328153e-01	  9.004914544538321e-02	 -1.385226429346478e+00	 -1.728752316196875e-01	  5.592183197420973e-03	 -6.049101517966879e-01	  3.534211987685488e-01	  8.137704626080852e-02	 -1.267192085697861e-01	  1.629579224092332e-04	 -1.104688359372416e-01	 -3.372153305391738e-02	 -1.013594520683173e-01	 -2.036769251174861e-02	 -1.036919160021403e-03	  2.193314912363178e-01	 -1.227524789955736e-01	 -9.650260976259055e-02	  3.372153305391744e-02	  3.487711369409118e-01	  4.995071784880947e-02	 -5.649699693451526e-01	 -5.929907183956842e-01	  7.364730113042223e-01	  1.327910222158812e-01	  1.631279855744775e+00	 -1.432760315952776e+00	 -1.327910222158813e-01	  8.105054609816935e-01	  1.571460378975248e-01	 -4.995071784880942e-02	 -2.146366347725960e-02	  4.291248795840593e-01	 -5.167911920725985e-01	 -9.877938759145524e-02	  2.146366347725962e-02	  4.451631116401878e-01	 -9.649504343313047e-01	  7.481054728135561e-01	  6.133584109074337e-01	 -4.708824436324981e-01	 -4.280879604240381e-01	  4.283152206701922e-01	
 -7.989407507377171e-02	  2.101564189241392e+00	 -2.429922100996150e-16	 -1.689794556503805e-16	  1.877091258103727e-15	 -4.606930261586790e-02	 -5.694309898858222e-02	  1.269058615601985e-01	 -1.981833723605768e-01	  1.255687406801822e+01	  3.961113431695444e-01	 -1.281344456824036e-02	  1.386038766109692e+00	  3.107330089556026e-02	 -1.348859413184484e+00	 -5.208084754955363e-01	  8.011599236348468e+00	 -4.271846440651068e-01	  1.381860643861659e-02	 -1.494767789842310e+00	  8.733241169743848e-01	  2.925659847124591e-01	 -4.555796964955436e-01	 -9.424838705587548e-04	  6.389078513703020e-01	  1.950319476583501e-01	  5.862227947602355e-01	  1.177986402196285e-01	  5.997128393299475e-03	 -1.268526192158399e+00	  7.099515618141845e-01	  5.581327487697130e-01	 -1.950319476583494e-01	 -2.017153669017454e+00	 -1.135761947082792e-01	  1.284608950704098e+00	  1.348321549583413e+00	 -1.674566567440726e+00	 -1.223930325666554e-02	 -1.503545082926707e-01	  1.320570299741600e-01	  1.223930325666542e-02	 -7.470401208306948e-02	 -3.573131631842870e-01	  1.135761947082793e-01	  4.880332710382308e-02	 -9.757291381742919e-01	  1.175061732486397e+00	  2.246011156878516e-01	 -4.880332710382299e-02	 -1.012196309122601e+00	 -1.720477237171661e+00	  1.333849274725914e+00	 -1.466120189803040e+00	  1.125557659855073e+00	  9.697320097809909e-01	 -9.702468141100546e-01	
