12
18
18
  1.685084695146739e-01
  1.270090770438592e+00
  2.298482520353161e+01
  1.343548219610482e-02
  2.044092762668706e-01
  3.692600223150763e+00
  7.371661122821082e+00
  5.535627824940931e-01
  1.468189692903567e+00
  2.714520440128042e+02
  2.804111077721271e+02
  7.725840946550287e+01
  2.000000000000000e+02
  6.850000000000000e+01
  1.574000000000000e+01
  3.019000000000000e+03
  9.959999999999999e+01
  9.763000000000000e+03
  6.800000000000000e-02
  1.210000000000000e+01
  4.568000000000000e+03
  1.160000000000000e+02
  4.754000000000000e+02
  6.364000000000000e+01
  1.048000000000000e+01
  7.559999999999999e+01
  1.700000000000000e+01
  1.300000000000000e-02
  1.300000000000000e-02
  1.300000000000000e-02
