12
18
18
  1.695620746797909e-01
  1.270390446028488e+00
  2.294971664919859e+01
  1.359513811566148e-02
  2.016752373011075e-01
  3.739791917123153e+00
  7.868013969791299e+00
  5.505424453169163e-01
  1.474625704756265e+00
  2.708611897177173e+02
  2.862365432843487e+02
  7.674603065875102e+01
  2.000000000000000e+02
  6.850000000000000e+01
  1.574000000000000e+01
  3.019000000000000e+03
  9.959999999999999e+01
  9.763000000000000e+03
  6.800000000000000e-02
  1.210000000000000e+01
  4.568000000000000e+03
  1.160000000000000e+02
  4.754000000000000e+02
  6.364000000000000e+01
  1.048000000000000e+01
  7.559999999999999e+01
  1.700000000000000e+01
  1.300000000000000e-02
  1.300000000000000e-02
  1.300000000000000e-02
