13
35
32
  2.499574622911654e+00
  2.502653797415368e+00
  5.925688931740973e+01
  9.998652376098404e+00
  2.911115738812841e+02
  6.019949574314055e+03
  1.849527692474926e+03
  4.835285069525941e+03
  2.499268589748513e+01
  9.991136868145077e+00
  8.007328971473690e+02
  3.999739635312694e+01
  2.200046650238260e+02
  9.767000000000000e+02
  7.608000000000000e+06
  3.150000000000000e+03
  2.569000000000000e+04
  7.781000000000000e+04
  3.081000000000000e+03
  1.959000000000000e+02
  2.580000000000000e+05
  7.400000000000000e+04
  1.000000000000000e+02
  8.236000000000000e+03
  8.000000000000000e+04
  2.714000000000000e+05
  1.333000000000000e+02
  9.954000000000000e+03
  2.671000000000000e+04
  8.000000000000000e+05
  1.000000000000000e+02
  1.000000000000000e+03
  7.400000000000000e+04
  1.060000000000000e+03
  2.070000000000000e+03
  1.620000000000000e+03
  3.600000000000000e+02
  2.030000000000000e+03
  1.860000000000000e+03
  4.460000000000000e+02
  2.720000000000000e+04
  1.570000000000000e+03
  7.000000000000000e+03
  3.260000000000000e+02
  2.400000000000000e+02
  7.200000000000000e+01
  1.000000000000000e+02
  1.800000000000000e+02
