13
35
32
  2.500001017056030e+00
  2.503021941729172e+00
  5.927535454417733e+01
  9.999957511638176e+00
  2.917329338224977e+02
  6.029204478052186e+03
  1.848872057446770e+03
  4.840664564757246e+03
  2.499580494626925e+01
  1.000388575141753e+01
  8.015032824170129e+02
  4.000330669106893e+01
  2.200362396134397e+02
  9.767000000000000e+02
  7.608000000000000e+06
  3.150000000000000e+03
  2.569000000000000e+04
  7.781000000000000e+04
  3.081000000000000e+03
  1.959000000000000e+02
  2.580000000000000e+05
  7.400000000000000e+04
  1.000000000000000e+02
  8.236000000000000e+03
  8.000000000000000e+04
  2.714000000000000e+05
  1.333000000000000e+02
  9.954000000000000e+03
  2.671000000000000e+04
  8.000000000000000e+05
  1.000000000000000e+02
  1.000000000000000e+03
  7.400000000000000e+04
  1.060000000000000e+03
  2.070000000000000e+03
  1.620000000000000e+03
  3.600000000000000e+02
  2.030000000000000e+03
  1.860000000000000e+03
  4.460000000000000e+02
  2.720000000000000e+04
  1.570000000000000e+03
  7.000000000000000e+03
  3.260000000000000e+02
  2.400000000000000e+02
  7.200000000000000e+01
  1.000000000000000e+02
  1.800000000000000e+02
