0	 1.00000e-01	 0.00000e+00	  1.000000000000000e+03	  1.000000000000000e+03	  1.000000000000000e+03	  1.000000000000000e+03	  1.000000000000000e+03	  1.000000000000000e+03	  1.000000000000000e+03	  1.000000000000000e+03	  1.000000000000000e+03	  1.000000000000000e+03	  1.000000000000000e+03	  1.000000000000000e+03	  1.000000000000000e+03
100	 1.00000e-01	 1.00000e-01	  9.948720627059663e+00	  5.717540830298475e+01	  3.273066922829042e+01	  2.846841733221613e+01	  1.213737373429464e+03	  1.999307017376124e+03	  2.813043787129367e+03	  1.020799550081636e+03	  6.286510204722287e+01	  1.674961713004115e+02	  3.032877657304657e+03	  1.578130592533671e+02	  1.135392000642981e+03
200	 1.00000e-01	 2.00000e-01	  6.769648290515256e+00	  1.972710813352371e+01	  3.591076910048097e+01	  2.346182583299493e+01	  1.033565159058149e+03	  2.481391490108644e+03	  2.858429581022465e+03	  1.231543370971770e+03	  5.520281236980595e+01	  5.837942825496118e+01	  2.672030568274486e+03	  1.067500794391499e+02	  7.374864073849311e+02
300	 1.00000e-01	 3.00000e-01	  5.331672593512453e+00	  1.044748239159368e+01	  4.006793273686442e+01	  2.061647506205221e+01	  8.566921325501337e+02	  2.855575552999833e+03	  2.810143109928242e+03	  1.439529892437152e+03	  4.890154230693202e+01	  4.690039298426773e+01	  2.322358328283464e+03	  7.533604702299321e+01	  4.858075681549657e+02
400	 1.00000e-01	 4.00000e-01	  4.260639554744817e+00	  6.239564507349574e+00	  4.591252071880842e+01	  1.723479677042733e+01	  6.989435646943866e+02	  3.161234255599069e+03	  2.731224704752544e+03	  1.637057313471493e+03	  4.141990350044583e+01	  3.623198323668738e+01	  2.026981771302657e+03	  5.796680399460392e+01	  3.498513931670210e+02
500	 1.00000e-01	 5.00000e-01	  3.608667381007744e+00	  4.552934022727418e+00	  5.062155002501918e+01	  1.473150226419678e+01	  5.641586574907933e+02	  3.409374038809332e+03	  2.651396426387341e+03	  1.823100008735003e+03	  3.586116489253037e+01	  2.835427897006912e+01	  1.770540984634817e+03	  4.951334939484362e+01	  2.848543577203645e+02
600	 1.00000e-01	 6.00000e-01	  3.246477171080948e+00	  3.814911225995037e+00	  5.302969524563770e+01	  1.325120341038115e+01	  4.504515729821783e+02	  3.613348770528833e+03	  2.579566447897233e+03	  1.996282095700476e+03	  3.253628109918889e+01	  2.306855874118328e+01	  1.553529737328855e+03	  4.561264713770220e+01	  2.556075608798390e+02
700	 1.00000e-01	 7.00000e-01	  3.037291339470137e+00	  3.442043072429190e+00	  5.359170846665713e+01	  1.238444436567984e+01	  3.566824861964724e+02	  3.784702854861240e+03	  2.516849230093619e+03	  2.155632277667259e+03	  3.056338223757346e+01	  1.938214310904525e+01	  1.375176130335012e+03	  4.374362645578616e+01	  2.422382103125886e+02
800	 1.00000e-01	 8.00000e-01	  2.902660362160343e+00	  3.222674384033823e+00	  5.300737804704566e+01	  1.182717476504398e+01	  2.825199684232051e+02	  3.932013232058726e+03	  2.462481290178087e+03	  2.300865294470910e+03	  2.927935750274553e+01	  1.665163487209807e+01	  1.230785296348990e+03	  4.272420727060003e+01	  2.354838561667748e+02
900	 1.00000e-01	 9.00000e-01	  2.806327621985027e+00	  3.076030524987859e+00	  5.184062819174807e+01	  1.142880534385741e+01	  2.272896402823004e+02	  4.061304874015682e+03	  2.415324220042318e+03	  2.432432333228384e+03	  2.835314566849196e+01	  1.456162518789545e+01	  1.114438443203700e+03	  4.205613215786919e+01	  2.314337141011708e+02
1000	 1.00000e-01	 1.00000e+00	  2.732715146576037e+00	  2.968818569170319e+00	  5.056054836678393e+01	  1.112354470359382e+01	  1.891129181206830e+02	  4.176526012669446e+03	  2.374218479182757e+03	  2.551576182060728e+03	  2.763948018806812e+01	  1.295929825667783e+01	  1.020930237789500e+03	  4.154192329997086e+01	  2.285231147527977e+02
1100	 1.00000e-01	 1.10000e+00	  2.674876400794056e+00	  2.885584537818543e+00	  4.952382432657927e+01	  1.088259889000035e+01	  1.648036595632572e+02	  4.280063001040409e+03	  2.338084065025434e+03	  2.660181942157421e+03	  2.707440104305600e+01	  1.175200925783165e+01	  9.463133633301941e+02	  4.110859951387931e+01	  2.261564164328470e+02
1200	 1.00000e-01	 1.20000e+00	  2.629064476180392e+00	  2.818364540496245e+00	  4.889880883799835e+01	  1.069090230993818e+01	  1.506104692244404e+02	  4.373394454333189e+03	  2.305977859038959e+03	  2.760326971585546e+03	  2.662392311262595e+01	  1.086075789044732e+01	  8.875836134646268e+02	  4.073305161409911e+01	  2.241277133026908e+02
1300	 1.00000e-01	 1.30000e+00	  2.592752051418191e+00	  2.762987094499389e+00	  4.867215491200665e+01	  1.053818003144319e+01	  1.431649348985388e+02	  4.457669955213000e+03	  2.277130697269989e+03	  2.853804909053733e+03	  2.626449948907547e+01	  1.021207566758303e+01	  8.421817549638886e+02	  4.041035795448765e+01	  2.223803185430097e+02
1400	 1.00000e-01	 1.40000e+00	  2.564056749448886e+00	  2.717216252379921e+00	  4.874005261404967e+01	  1.041654224018621e+01	  1.399695650648607e+02	  4.533994481249352e+03	  2.250948726547036e+03	  2.941913150768261e+03	  2.597791266388777e+01	  9.743838791418783e+00	  8.077434571436020e+02	  4.014000841192215e+01	  2.209041998808624e+02
1500	 1.00000e-01	 1.50000e+00	  2.541524732363590e+00	  2.679603151544054e+00	  4.899121225406822e+01	  1.031985015131010e+01	  1.393833517864617e+02	  4.603461060894827e+03	  2.226985972272494e+03	  3.025495159125330e+03	  2.574992201175748e+01	  9.408234046065296e+00	  7.820995843844787e+02	  3.992046150033077e+01	  2.196933087286221e+02
1600	 1.00000e-01	 1.60000e+00	  2.523988491801053e+00	  2.648937438928233e+00	  4.934181578774844e+01	  1.024325847062434e+01	  1.403954278273959e+02	  4.667091095472506e+03	  2.204908388295162e+03	  3.105079010173019e+03	  2.556923136534025e+01	  9.170108404603679e+00	  7.633522151495438e+02	  3.974785031950813e+01	  2.187316980827017e+02
1700	 1.00000e-01	 1.70000e+00	  2.510478876656946e+00	  2.624092285338392e+00	  4.973831168338214e+01	  1.018283949988748e+01	  1.423979735512723e+02	  4.725782343635355e+03	  2.184462425489634e+03	  3.181004241870264e+03	  2.542664183787028e+01	  9.003883696978116e+00	  7.499189597317345e+02	  3.961649664050589e+01	  2.179930926636365e+02
1800	 1.00000e-01	 1.80000e+00	  2.500182065419101e+00	  2.604027937872745e+00	  5.014953836188535e+01	  1.013535305892433e+01	  1.450244629984534e+02	  4.780289245713164e+03	  2.165451584889144e+03	  3.253506943784081e+03	  2.531454041354367e+01	  8.890860303136543e+00	  7.405283959721894e+02	  3.951990405024501e+01	  2.174452421665831e+02
1900	 1.00000e-01	 1.90000e+00	  2.492419592236528e+00	  2.587824448794689e+00	  5.055849497177356e+01	  1.009812363541451e+01	  1.480493801736211e+02	  4.831227895626393e+03	  2.147720002218131e+03	  3.322768989381754e+03	  2.522662918000553e+01	  8.817261036121741e+00	  7.341847561365450e+02	  3.945161548953532e+01	  2.170546207424873e+02
2000	 1.00000e-01	 2.00000e+00	  2.486634974063210e+00	  2.574700534387448e+00	  5.095645339145759e+01	  1.006896459773521e+01	  1.513297283137099e+02	  4.879093275155319e+03	  2.131141177074125e+03	  3.388944194980571e+03	  2.515775613422118e+01	  8.772871238580400e+00	  7.301212653022651e+02	  3.940575630360243e+01	  2.167897920059368e+02
2100	 1.00000e-01	 2.10000e+00	  2.482379991537754e+00	  2.564013783689424e+00	  5.133929747696121e+01	  1.004611462864525e+01	  1.547716570891874e+02	  4.924280124196582e+03	  2.115610226824876e+03	  3.452171419496236e+03	  2.510376948187037e+01	  8.750086041289274e+00	  7.277539488594595e+02	  3.937728863280191e+01	  2.166232253783394e+02
2200	 1.00000e-01	 2.20000e+00	  2.479299527331583e+00	  2.555248360622226e+00	  5.170539750443400e+01	  1.002817522962461e+01	  1.583114113184299e+02	  4.967102934061788e+03	  2.101038506891076e+03	  3.512580784950581e+03	  2.506137193516390e+01	  8.743229445505868e+00	  7.266412064441894e+02	  3.936206587575654e+01	  2.165319201984869e+02
2300	 1.00000e-01	 2.30000e+00	  2.477116018184420e+00	  2.547996914771701e+00	  5.205442252638413e+01	  1.001404946945175e+01	  1.619042932122247e+02	  5.007813221627101e+03	  2.087349818939855e+03	  3.570296451173556e+03	  2.502797688748008e+01	  8.748059050250365e+00	  7.264506381562564e+02	  3.935677305973325e+01	  2.164972903508541e+02
2400	 1.00000e-01	 2.40000e+00	  2.475614787682323e+00	  2.541941334902964e+00	  5.238669319380082e+01	  1.000288506787661e+01	  1.655181100189613e+02	  5.046613654903736e+03	  2.074477694082165e+03	  3.625437745267044e+03	  2.500157441448585e+01	  8.761401478528022e+00	  7.269328017342535e+02	  3.935881531796481e+01	  2.165046735955807e+02
2500	 1.00000e-01	 2.50000e+00	  2.474631084720810e+00	  2.536834896674282e+00	  5.270283607356298e+01	  9.994024291708785e+00	  1.691291640330792e+02	  5.083669240025497e+03	  2.062363413676636e+03	  3.678119553461357e+03	  2.498061320738291e+01	  8.780882073983253e+00	  7.279009007519002e+02	  3.936619267571305e+01	  2.165427050580687e+02
2600	 1.00000e-01	 2.60000e+00	  2.474039162709797e+00	  2.532486903853059e+00	  5.300360275379493e+01	  9.986961730609762e+00	  1.727197143867123e+02	  5.119116010213965e+03	  2.050954544077742e+03	  3.728452416409906e+03	  2.496390104811675e+01	  8.804723675294234e+00	  7.292152714557310e+02	  3.937738145386899e+01	  2.166026907269517e+02
2700	 1.00000e-01	 2.70000e+00	  2.473743388519387e+00	  2.528750070769156e+00	  5.328977766450867e+01	  9.981309866117169e+00	  1.762763143660101e+02	  5.153067693749934e+03	  2.040203835141857e+03	  3.776542532459756e+03	  2.495052365039501e+01	  8.831596477259815e+00	  7.307716318026191e+02	  3.939123118541755e+01	  2.166780464479777e+02
2800	 1.00000e-01	 2.80000e+00	  2.473671179991029e+00	  2.525510462848993e+00	  5.356213299994901e+01	  9.976771668609148e+00	  1.797886860638762e+02	  5.185620793404280e+03	  2.030068380067457e+03	  3.822491756759546e+03	  2.493978006796518e+01	  8.860505863913451e+00	  7.324922256828519e+02	  3.940687945359461e+01	  2.167638258597005e+02
2900	 1.00000e-01	 2.90000e+00	  2.473767494183887e+00	  2.522679635705710e+00	  5.382140825341370e+01	  9.973119169687799e+00	  1.832489359117035e+02	  5.216858439222277e+03	  2.020508965570079e+03	  3.866397628380853e+03	  2.493113218865484e+01	  8.890708540263917e+00	  7.343191699424243e+02	  3.942368378781964e+01	  2.168563382974877e+02
3000	 1.00000e-01	 3.00000e+00	  2.473990579886958e+00	  2.520188574829871e+00	  5.406830233631165e+01	  9.970176919191776e+00	  1.866509937003453e+02	  5.246853304709081e+03	  2.011489562393471e+03	  3.908353432379395e+03	  2.492416574180442e+01	  8.921649782598090e+00	  7.362094656284838e+02	  3.944116837379529e+01	  2.169528473419693e+02
3100	 1.00000e-01	 3.10000e+00	  2.474308733671190e+00	  2.517983065640168e+00	  5.430347191896227e+01	  9.967809328772512e+00	  1.899902027353256e+02	  5.275669813022368e+03	  2.002976920436304e+03	  3.948448293311195e+03	  2.491856046583612e+01	  8.952916461137901e+00	  7.381312610496268e+02	  3.945898297396773e+01	  2.170513371045711e+02
3200	 1.00000e-01	 3.20000e+00	  2.474697837925307e+00	  2.516020177156313e+00	  5.452753267482089e+01	  9.965911050132412e+00	  1.932630150697210e+02	  5.303365807418602e+03	  1.994940242650314e+03	  3.986767293298175e+03	  2.491406742777751e+01	  8.984201848306819e+00	  7.400610538907813e+02	  3.947687158818457e+01	  2.171503332071934e+02
3300	 1.00000e-01	 3.30000e+00	  2.475139500395367e+00	  2.514265601047868e+00	  5.474106173239699e+01	  9.964399691510424e+00	  1.964667615546724e+02	  5.329993818574852e+03	  1.987350918808330e+03	  4.023391607418947e+03	  2.491049185337211e+01	  9.015279237500954e+00	  7.419815966227351e+02	  3.949464871833113e+01	  2.172487668101384e+02
3400	 1.00000e-01	 3.40000e+00	  2.475619652217067e+00	  2.512691641728562e+00	  5.494460049557801e+01	  9.963210319049422e+00	  1.995994762282178e+02	  5.355602029053401e+03	  1.980182305191249e+03	  4.058398650103866e+03	  2.490768016370454e+01	  9.045982151342852e+00	  7.438803281638777e+02	  3.951218148297651e+01	  2.173458719450957e+02
3500	 1.00000e-01	 3.50000e+00	  2.476127493220745e+00	  2.511275698968026e+00	  5.513865743899470e+01	  9.962291311754331e+00	  2.026597608103951e+02	  5.380235010383051e+03	  1.973409539816427e+03	  4.091862227462414e+03	  2.490551020201185e+01	  9.076189480872078e+00	  7.457481991593813e+02	  3.952937618744823e+01	  2.174411083133298e+02
3600	 1.00000e-01	 3.60000e+00	  2.476654699122276e+00	  2.509999121635976e+00	  5.532371071251230e+01	  9.961601238356135e+00	  2.056466791862281e+02	  5.403934289406350e+03	  1.967009385435555e+03	  4.123852691686192e+03	  2.490388386908601e+01	  9.105814316780336e+00	  7.475787916531492e+02	  3.954616826355076e+01	  2.175341033964720e+02
3700	 1.00000e-01	 3.70000e+00	  2.477194825632185e+00	  2.508846340457873e+00	  5.550021050118843e+01	  9.961106503368567e+00	  2.085596745451375e+02	  5.426738786337134e+03	  1.960960094445811e+03	  4.154437094710555e+03	  2.490272157175566e+01	  9.134795546934031e+00	  7.493676589809032e+02	  3.956251474546966e+01	  2.176246091313494e+02
3800	 1.00000e-01	 3.80000e+00	  2.477742860359435e+00	  2.507804210287611e+00	  5.566858113939344e+01	  9.960779571041998e+00	  2.113985037822211e+02	  5.448685156296754e+03	  1.955241291276131e+03	  4.183679339150676e+03	  2.490195803364805e+01	  9.163091528105536e+00	  7.511118304597064e+02	  3.957838864828735e+01	  2.177124695254623e+02
3900	 1.00000e-01	 3.90000e+00	  2.478294885525904e+00	  2.506861509678065e+00	  5.582922299966431e+01	  9.960597623060290e+00	  2.141631851430101e+02	  5.469808058096512e+03	  1.949833868865917e+03	  4.211640325168204e+03	  2.490153912850484e+01	  9.190675314258094e+00	  7.528094394599731e+02	  3.959377477071578e+01	  2.177975964699075e+02
4000	 1.00000e-01	 4.00000e+00	  2.478847823727931e+00	  2.506008558608268e+00	  5.598251418376326e+01	  9.960541541681003e+00	  2.168539560892837e+02	  5.490140368046958e+03	  1.944719896642826e+03	  4.238378092403262e+03	  2.490141948080682e+01	  9.217531053958666e+00	  7.544594439094870e+02	  3.960866656248954e+01	  2.178799516841913e+02
4100	 1.00000e-01	 4.10000e+00	  2.479399245941836e+00	  2.505236925069089e+00	  5.612881204338746e+01	  9.960595137115353e+00	  2.194712390953582e+02	  5.509713352100577e+03	  1.939882537998957e+03	  4.263947956456552e+03	  2.490156064230992e+01	  9.243651266766236e+00	  7.560614160910148e+02	  3.962306378703020e+01	  2.179595332433432e+02
4200	 1.00000e-01	 4.20000e+00	  2.479947226203200e+00	  2.504539198589677e+00	  5.626845455512659e+01	  9.960744558333330e+00	  2.220156136285145e+02	  5.528556806292801e+03	  1.935305975711378e+03	  4.288402639657073e+03	  2.490192970114052e+01	  9.269034781134144e+00	  7.576153844272638e+02	  3.963697077796060e+01	  2.180363655277066e+02
4300	 1.00000e-01	 4.30000e+00	  2.480490231312408e+00	  2.503908814306872e+00	  5.640176157057691e+01	  9.960977841774072e+00	  2.244877929759186e+02	  5.546699172950206e+03	  1.930975344090691e+03	  4.311792396027816e+03	  2.490249821614209e+01	  9.293685170716117e+00	  7.591217143018259e+02	  3.965039513906065e+01	  2.181104917289508e+02
4400	 1.00000e-01	 4.40000e+00	  2.481027036854361e+00	  2.503339915302710e+00	  5.652903595891493e+01	  9.961284563893784e+00	  2.268886048895786e+02	  5.564167638271447e+03	  1.926876666897764e+03	  4.334165130482975e+03	  2.490324139615540e+01	  9.317609566629386e+00	  7.605810182174508e+02	  3.966334677542525e+01	  2.181819682654896e+02
4500	 1.00000e-01	 4.50000e+00	  2.481556663014327e+00	  2.502827244012014e+00	  5.665056465607168e+01	  9.961655572047142e+00	  2.292189752561632e+02	  5.580988215494041e+03	  1.922996800263970e+03	  4.355566512372098e+03	  2.490413746409923e+01	  9.340817753672868e+00	  7.619940880237275e+02	  3.967583717208814e+01	  2.182508606246426e+02
4600	 1.00000e-01	 4.60000e+00	  2.482078325310823e+00	  2.502366055798339e+00	  5.676661963202532e+01	  9.962082774598215e+00	  2.314799141783589e+02	  5.597185816819900e+03	  1.919323379999653e+03	  4.376040083539073e+03	  2.490516716080442e+01	  9.363321481306871e+00	  7.633618437634422e+02	  3.968787885763645e+01	  2.183172402713793e+02
4700	 1.00000e-01	 4.70000e+00	  2.482591396590629e+00	  2.501952049510412e+00	  5.687745878562242e+01	  9.962558975938954e+00	  2.336725039924272e+02	  5.612784316494134e+03	  1.915844772790347e+03	  4.395627361096477e+03	  2.490631335482682e+01	  9.385133937303451e+00	  7.646852950464107e+02	  3.969948500618596e+01	  2.183811823548187e+02
4800	 1.00000e-01	 4.80000e+00	  2.483095377545551e+00	  2.501581311111761e+00	  5.698332677467321e+01	  9.963077745666757e+00	  2.357978888527158e+02	  5.627806606849772e+03	  1.912550030868794e+03	  4.414367935133369e+03	  2.490756073288980e+01	  9.406269344810173e+00	  7.659655118772855e+02	  3.971066914289825e+01	  2.184427640117502e+02
4900	 1.00000e-01	 4.90000e+00	  2.483589873693957e+00	  2.501250267433341e+00	  5.708445578776628e+01	  9.963633313843953e+00	  2.378572655956731e+02	  5.642274648694688e+03	  1.909428849819732e+03	  4.432299561582731e+03	  2.490889555190470e+01	  9.426742653209137e+00	  7.672036026262224e+02	  3.972144492702107e+01	  2.185020631171773e+02
5000	 1.00000e-01	 5.00000e+00	  2.484074577280997e+00	  2.500955647815501e+00	  5.718106626323245e+01	  9.964220486259835e+00	  2.398518756590184e+02	  5.656209517089783e+03	  1.906471529228137e+03	  4.449458250476343e+03	  2.491030543822867e+01	  9.446569300397469e+00	  7.684006974028309e+02	  3.973182599299457e+01	  2.185591573697128e+02
5100	 1.00000e-01	 5.10000e+00	  2.484549252934027e+00	  2.500694451943021e+00	  5.727336755989627e+01	  9.964834575111640e+00	  2.417829978805030e+02	  5.669631443322234e+03	  1.903668935924080e+03	  4.465878349811047e+03	  2.491177922334624e+01	  9.465765029568937e+00	  7.695579355227424e+02	  3.974182583506144e+01	  2.186141236278783e+02
5200	 1.00000e-01	 5.20000e+00	  2.485013726195922e+00	  2.500463922580098e+00	  5.736155858362841e+01	  9.965471341641477e+00	  2.436519420383870e+02	  5.682559853692622e+03	  1.901012469610954e+03	  4.481592625244678e+03	  2.491330680780381e+01	  9.484345747680957e+00	  7.706764560781065e+02	  3.975145772447126e+01	  2.186670374344135e+02
5300	 1.00000e-01	 5.30000e+00	  2.485467874273853e+00	  2.500261522215818e+00	  5.744582837321784e+01	  9.966126948106233e+00	  2.454600430249423e+02	  5.695013405595745e+03	  1.898494030690887e+03	  4.496632335831907e+03	  2.491487904720726e+01	  9.502327415887398e+00	  7.717573908654236e+02	  3.976073465109925e+01	  2.187179726814376e+02
5400	 1.00000e-01	 5.40000e+00	  2.485911618502086e+00	  2.500084912859302e+00	  5.752635664868414e+01	  9.966797917088831e+00	  2.472086555668466e+02	  5.707010021269951e+03	  1.896105990122972e+03	  4.511027306001351e+03	  2.491648765558232e+01	  9.519725964553972e+00	  7.728018591062195e+02	  3.976966928333970e+01	  2.187670013810578e+02
5500	 1.00000e-01	 5.50000e+00	  2.486344918138589e+00	  2.499931938396712e+00	  5.760331432482416e+01	  9.967481096633435e+00	  2.488991494238182e+02	  5.718566919510144e+03	  1.893841161167904e+03	  4.524805993965964e+03	  2.491812512251542e+01	  9.536557227237946e+00	  7.738109635331867e+02	  3.977827394166183e+01	  2.188141935148320e+02
5600	 1.00000e-01	 5.60000e+00	  2.486767765206209e+00	  2.499800609053261e+00	  5.767686399251651e+01	  9.968173630044392e+00	  2.505329050103375e+02	  5.729700645579584e+03	  1.891692772887448e+03	  4.537995556749443e+03	  2.491978464133626e+01	  9.552836889349475e+00	  7.747857875178403e+02	  3.978656058235932e+01	  2.188596169420729e+02
5700	 1.00000e-01	 5.70000e+00	  2.487180180157898e+00	  2.499689087602955e+00	  5.774716037007901e+01	  9.968872929458405e+00	  2.521113093957784e+02	  5.740427099509391e+03	  1.889654445279610e+03	  4.550621912001818e+03	  2.492146004623834e+01	  9.568580448223173e+00	  7.757273929936991e+02	  3.979454078888408e+01	  2.189033373519369e+02
5800	 1.00000e-01	 5.80000e+00	  2.487582208197203e+00	  2.499595677044658e+00	  5.781435072677809e+01	  9.969576652502436e+00	  2.536357526463594e+02	  5.750761562939795e+03	  1.887720165940949e+03	  4.562709796768508e+03	  2.492314575671412e+01	  9.583803182095368e+00	  7.766368189879987e+02	  3.980222576879683e+01	  2.189454182479440e+02
5900	 1.00000e-01	 5.90000e+00	  2.487973916124482e+00	  2.499518809521291e+00	  5.787857528041611e+01	  9.970282681504610e+00	  2.551076244785860e+02	  5.760718724630031e+03	  1.885884268156556e+03	  4.574282823368602e+03	  2.492483672804543e+01	  9.598520126065445e+00	  7.775150806195114e+02	  3.980962635485492e+01	  2.189859209563794e+02
6000	 1.00000e-01	 6.00000e+00	  2.488355389608799e+00	  2.499457036303414e+00	  5.793996757077397e+01	  9.970989104841678e+00	  2.565283111987176e+02	  5.770312704743113e+03	  1.884141410326131e+03	  4.585363532529524e+03	  2.492652840686512e+01	  9.612746053561906e+00	  7.783631684537941e+02	  3.981675300911834e+01	  2.190249046521113e+02
6100	 1.00000e-01	 6.10000e+00	  2.488726730808146e+00	  2.499409018693149e+00	  5.799865481054828e+01	  9.971694200096135e+00	  2.578991929065584e+02	  5.779557077995266e+03	  1.882486556641471e+03	  4.595973443917588e+03	  2.492821669101683e+01	  9.626495462172301e+00	  7.791820481328482e+02	  3.982361582923309e+01	  2.190624263969638e+02
6200	 1.00000e-01	 6.20000e+00	  2.489088056277540e+00	  2.499373519730870e+00	  5.805475821530138e+01	  9.972396418763477e+00	  2.592216409447656e+02	  5.788464895747526e+03	  1.880914958936919e+03	  4.606133104196484e+03	  2.492989789309866e+01	  9.639782562952554e+00	  7.799726602155644e+02	  3.983022455625561e+01	  2.190985411869595e+02
6300	 1.00000e-01	 6.30000e+00	  2.489439495117748e+00	  2.499349396608159e+00	  5.810839331383200e+01	  9.973094372302473e+00	  2.604970155771935e+02	  5.797048707106650e+03	  1.879422139639758e+03	  4.615862132738859e+03	  2.493156870720085e+01	  9.652621272529062e+00	  7.807359201801662e+02	  3.983658858354086e+01	  2.191333020056658e+02
6400	 1.00000e-01	 6.40000e+00	  2.489781187327266e+00	  2.499335593706757e+00	  5.815967024027023e+01	  9.973786819360971e+00	  2.617266638815154e+02	  5.805320579094586e+03	  1.878003875752483e+03	  4.625179265109135e+03	  2.493322617844041e+01	  9.665025207457008e+00	  7.814727185511083e+02	  3.984271696633306e+01	  2.191667598815533e+02
6500	 1.00000e-01	 6.50000e+00	  2.490113282327850e+00	  2.499331136196241e+00	  5.820869400910964e+01	  9.974472654040719e+00	  2.629119178428246e+02	  5.813292115939493e+03	  1.876656183803570e+03	  4.634102394430154e+03	  2.493486767496951e+01	  9.677007680414253e+00	  7.821839211214791e+02	  3.984861843178880e+01	  2.191989639477951e+02
6600	 1.00000e-01	 6.60000e+00	  2.490435937639764e+00	  2.499335124133388e+00	  5.825556477430231e+01	  9.975150895088515e+00	  2.640540926359835e+02	  5.820974477535850e+03	  1.875375305707261e+03	  4.642648610739551e+03	  2.493649086219027e+01	  9.688581697899444e+00	  7.828703692485562e+02	  3.985430138923025e+01	  2.192299615033308e+02
6700	 1.00000e-01	 6.70000e+00	  2.490749317687502e+00	  2.499346727014560e+00	  5.830037807346105e+01	  9.975820675919811e+00	  2.651544850854198e+02	  5.828378397116938e+03	  1.874157695476848e+03	  4.650834238436922e+03	  2.493809367895306e+01	  9.699759959171194e+00	  7.835328802051537e+02	  3.985977394047749e+01	  2.192597980743176e+02
6800	 1.00000e-01	 6.80000e+00	  2.491053592720147e+00	  2.499365178738931e+00	  5.834322505814225e+01	  9.976481235395322e+00	  2.662143722917791e+02	  5.835514198179481e+03	  1.873000006739422e+03	  4.658674871917257e+03	  2.493967431554993e+01	  9.710554856218543e+00	  7.841722475732906e+02	  3.986504389014760e+01	  2.192885174753133e+02
6900	 1.00000e-01	 6.90000e+00	  2.491348937833414e+00	  2.499389772946018e+00	  5.838419271111190e+01	  9.977131909282962e+00	  2.672350104154572e+02	  5.842391810696936e+03	  1.871899081003248e+03	  4.666185409481153e+03	  2.494123119334215e+01	  9.720978474594149e+00	  7.847892416696745e+02	  3.987011875583891e+01	  2.193161618697132e+02
7000	 1.00000e-01	 7.00000e+00	  2.491635532082481e+00	  2.499419858695323e+00	  5.842336405143494e+01	  9.977772122346586e+00	  2.682176336075528e+02	  5.849020786655532e+03	  1.870851936631994e+03	  4.673380085607937e+03	  2.494276294588268e+01	  9.731042594973408e+00	  7.853846099947590e+02	  3.987500577814090e+01	  2.193427718290970e+02
7100	 1.00000e-01	 7.10000e+00	  2.491913557676410e+00	  2.499454836459662e+00	  5.846081832816929e+01	  9.978401381010311e+00	  2.691634530792352e+02	  5.855410314944806e+03	  1.869855758482874e+03	  4.680272501673114e+03	  2.494426840141204e+01	  9.740758695328163e+00	  7.859590776989309e+02	  3.987971193042681e+01	  2.193683863912302e+02
7200	 1.00000e-01	 7.20000e+00	  2.492183199246381e+00	  2.499494154406890e+00	  5.849663120339073e+01	  9.979019266553719e+00	  2.700736563009015e+02	  5.861569235632162e+03	  1.868907888168325e+03	  4.686875655187590e+03	  2.494574656662050e+01	  9.750137953623012e+00	  7.865133480607275e+02	  3.988424392840035e+01	  2.193930431165573e+02
7300	 1.00000e-01	 7.30000e+00	  2.492444643180936e+00	  2.499537304947308e+00	  5.853087492522380e+01	  9.979625428797325e+00	  2.709494063228823e+02	  5.867506053649650e+03	  1.868005814903407e+03	  4.693201967632124e+03	  2.494719661158069e+01	  9.759191250957768e+00	  7.870481029730610e+02	  3.988860823937647e+01	  2.194167781430658e+02
7400	 1.00000e-01	 7.40000e+00	  2.492698077022401e+00	  2.499583821526400e+00	  5.856361849150728e+01	  9.980219580242826e+00	  2.717918412097717e+02	  5.873228951919176e+03	  1.867147166903298e+03	  4.699263310956635e+03	  2.494861785576538e+01	  9.767929175091925e+00	  7.875640034342287e+02	  3.989281109128461e+01	  2.194396262394577e+02
7500	 1.00000e-01	 7.50000e+00	  2.492943688919258e+00	  2.499633275644324e+00	  5.859492780467912e+01	  9.980801490635198e+00	  2.726020735807938e+02	  5.878745803940925e+03	  1.866329703297497e+03	  4.705071032810748e+03	  2.495000975507217e+01	  9.776362024296882e+00	  7.880616900411867e+02	  3.989685848138763e+01	  2.194616208565861e+02
7600	 1.00000e-01	 7.60000e+00	  2.493181667129909e+00	  2.499685274085437e+00	  5.862486581842445e+01	  9.981370981917285e+00	  2.733811902489092e+02	  5.884064185868820e+03	  1.865551306529338e+03	  4.710635980568184e+03	  2.495137188978530e+01	  9.784499811489203e+00	  7.885417834829914e+02	  3.990075618471477e+01	  2.194827941771507e+02
7700	 1.00000e-01	 7.70000e+00	  2.493412199573708e+00	  2.499739456342465e+00	  5.865349267659224e+01	  9.981927923549566e+00	  2.741302519516682e+02	  5.889191388095163e+03	  1.864809975211368e+03	  4.715968524204826e+03	  2.495270395340890e+01	  9.792352268604999e+00	  7.890048850328044e+02	  3.990450976220916e+01	  2.195031771636563e+02
7800	 1.00000e-01	 7.80000e+00	  2.493635473425556e+00	  2.499795492221330e+00	  5.868086584485309e+01	  9.982472228170373e+00	  2.748502931671074e+02	  5.894134426365786e+03	  1.864103817408817e+03	  4.721078578086966e+03	  2.495400574231324e+01	  9.799928851180226e+00	  7.894515770370928e+02	  3.990812456859362e+01	  2.195227996046571e+02
7900	 1.00000e-01	 7.90000e+00	  2.493851674750678e+00	  2.499853079613692e+00	  5.870704023553573e+01	  9.983003847573363e+00	  2.755423220082617e+02	  5.898900052445778e+03	  1.863431044325222e+03	  4.725975621723671e+03	  2.495527714613821e+01	  9.807238743106204e+00	  7.898824234009544e+02	  3.991160575995949e+01	  2.195416901593161e+02
8000	 1.00000e-01	 8.00000e+00	  2.494060988176543e+00	  2.499911942425421e+00	  5.873206832605084e+01	  9.983522768981063e+00	  2.762073201901587e+02	  5.903494764355241e+03	  1.862789964365671e+03	  4.730668719534275e+03	  2.495651813890364e+01	  9.814290861533037e+00	  7.902979700686651e+02	  3.991495830108481e+01	  2.195598764003239e+02
8100	 1.00000e-01	 8.10000e+00	  2.494263596599070e+00	  2.499971828649986e+00	  5.875600027128394e+01	  9.984029011594570e+00	  2.768462430634362e+02	  5.907924816193091e+03	  1.862178977554795e+03	  4.735166539679480e+03	  2.495772877077892e+01	  9.821093861896864e+00	  7.906987454987579e+02	  3.991818697248895e+01	  2.195773848552108e+02
8200	 1.00000e-01	 8.20000e+00	  2.494459680920567e+00	  2.500032508576723e+00	  5.877888401031070e+01	  9.984522623401116e+00	  2.774600197089852e+02	  5.912196227566501e+03	  1.861596570287864e+03	  4.739477372002189e+03	  2.495890916046804e+01	  9.827656143048859e+00	  7.910852611329942e+02	  3.992129637723118e+01	  2.195942410461104e+02
8300	 1.00000e-01	 8.30000e+00	  2.494649419816994e+00	  2.500093773124596e+00	  5.880076536776603e+01	  9.985003678222121e+00	  2.780495530883007e+02	  5.916314792642615e+03	  1.861041310394779e+03	  4.743609145121792e+03	  2.496005948816900e+01	  9.833985852466514e+00	  7.914580118587713e+02	  3.992429094746138e+01	  2.196104695280158e+02
8400	 1.00000e-01	 8.40000e+00	  2.494832989532292e+00	  2.500155432292761e+00	  5.882168815017575e+01	  9.985472272985756e+00	  2.786157202444962e+02	  5.920286088838327e+03	  1.860511842497883e+03	  4.747569442723448e+03	  2.496117998906881e+01	  9.840090891529130e+00	  7.918174764645296e+02	  3.992717495073037e+01	  2.196260939255821e+02
8500	 1.00000e-01	 8.50000e+00	  2.495010563697813e+00	  2.500217313719981e+00	  5.884169423753758e+01	  9.985928525209136e+00	  2.791593725491882e+02	  5.924115485163409e+03	  1.860006883645768e+03	  4.751365519081888e+03	  2.496227094733914e+01	  9.845978920841846e+00	  7.921641180878715e+02	  3.992995249606911e+01	  2.196411369685271e+02
8600	 1.00000e-01	 8.60000e+00	  2.495182313174808e+00	  2.500279261345300e+00	  5.886082367042139e+01	  9.986372570675712e+00	  2.796813359907140e+02	  5.927808150231206e+03	  1.859525219206270e+03	  4.755004313857050e+03	  2.496333269059774e+01	  9.851657365592665e+00	  7.924983846560611e+02	  3.993262753984362e+01	  2.196556205256755e+02
8700	 1.00000e-01	 8.70000e+00	  2.495348405918300e+00	  2.500341134163147e+00	  5.887911473283868e+01	  9.986804561295134e+00	  2.801824114994105e+02	  5.931369059951028e+03	  1.859065699002885e+03	  4.758492466197390e+03	  2.496436558480546e+01	  9.857133420929694e+00	  7.928207093187335e+02	  3.993520389139460e+01	  2.196695656377040e+02
8800	 1.00000e-01	 8.80000e+00	  2.495509006860620e+00	  2.500402805066367e+00	  5.889660403111596e+01	  9.987224663132883e+00	  2.806633753059112e+02	  5.934803004915260e+03	  1.858627233679850e+03	  4.761836328184334e+03	  2.496537002956845e+01	  9.862414057345859e+00	  7.931315108725973e+02	  3.993768521846921e+01	  2.196829925486291e+02
8900	 1.00000e-01	 8.90000e+00	  2.495664277813046e+00	  2.500464159771135e+00	  5.891332656899161e+01	  9.987633054598339e+00	  2.811249793286804e+02	  5.938114597493743e+03	  1.858208791281917e+03	  4.765041977650345e+03	  2.496634645381837e+01	  9.867506026059772e+00	  7.934311941779985e+02	  3.994007505245257e+01	  2.196959207360899e+02
9000	 1.00000e-01	 9.00000e+00	  2.495814377384114e+00	  2.500525095818221e+00	  5.892931581914079e+01	  9.988029924780269e+00	  2.815679515872105e+02	  5.941308278647743e+03	  1.857809394035871e+03	  4.768115230400811e+03	  2.496729531184457e+01	  9.872415864382470e+00	  7.937201505672205e+02	  3.994237679340648e+01	  2.197083689404694e+02
9100	 1.00000e-01	 9.10000e+00	  2.495959460913259e+00	  2.500585521645358e+00	  5.894460379132106e+01	  9.988415471919726e+00	  2.819929966375652e+02	  5.944388324474786e+03	  1.857428115321476e+03	  4.771061651868766e+03	  2.496821707965411e+01	  9.877149901060699e+00	  7.939987582444545e+02	  3.994459371492280e+01	  2.197203551929014e+02
9200	 1.00000e-01	 9.20000e+00	  2.496099680418468e+00	  2.500645355725841e+00	  5.895922109731732e+01	  9.988789902010685e+00	  2.824007960271334e+02	  5.947358852495653e+03	  1.857064076820375e+03	  4.773886568230062e+03	  2.496911225163648e+01	  9.881714261587756e+00	  7.942673826773536e+02	  3.994672896879796e+01	  2.197318968422045e+02
9300	 1.00000e-01	 9.30000e+00	  2.496235184556825e+00	  2.500704525768870e+00	  5.897319701285590e+01	  9.989153427519563e+00	  2.827920087657125e+02	  5.950223827693786e+03	  1.856716445832170e+03	  4.776595077005014e+03	  2.496998133751221e+01	  9.886114873474099e+00	  7.945263769801342e+02	  3.994878558953570e+01	  2.197430105807870e+02
9400	 1.00000e-01	 9.40000e+00	  2.496366118596780e+00	  2.500762967977342e+00	  5.898655953664512e+01	  9.989506266215242e+00	  2.831672718102044e+02	  5.952987068317563e+03	  1.856384432747525e+03	  4.779192057171296e+03	  2.497082485954489e+01	  9.890357471470645e+00	  7.947760822882141e+02	  3.995076649868425e+01	  2.197537124695596e+02
9500	 1.00000e-01	 9.50000e+00	  2.496492624401174e+00	  2.500820626359238e+00	  5.899933544669071e+01	  9.989848640101657e+00	  2.835272005604324e+02	  5.955652251454805e+03	  1.856067288668784e+03	  4.781682178811742e+03	  2.497164334999803e+01	  9.894447602737946e+00	  7.950168281243638e+02	  3.995267450901432e+01	  2.197640179618996e+02
9600	 1.00000e-01	 9.60000e+00	  2.496614840420000e+00	  2.500877452088849e+00	  5.901155035402559e+01	  9.990180774445745e+00	  2.838723893637493e+02	  5.958222918389044e+03	  1.855764303169223e+03	  4.784069912319404e+03	  2.497243734881937e+01	  9.898390631955488e+00	  7.952489327563876e+02	  3.995451232854359e+01	  2.197739419266996e+02
9700	 1.00000e-01	 9.70000e+00	  2.496732901692045e+00	  2.500933402914468e+00	  5.902322875398418e+01	  9.990502896893771e+00	  2.842034120263066e+02	  5.960702479746159e+03	  1.855474802182502e+03	  4.786359537181079e+03	  2.497320740153596e+01	  9.902191746365792e+00	  7.954727035463685e+02	  3.995628256441376e+01	  2.197834986705374e+02
9800	 1.00000e-01	 9.80000e+00	  2.496846939854548e+00	  2.500988442609316e+00	  5.903439407514612e+01	  9.990815236669514e+00	  2.845208223290169e+02	  5.963094220440124e+03	  1.855198146014496e+03	  4.788555150359586e+03	  2.497395405734470e+01	  9.905855960748214e+00	  7.956884372914861e+02	  3.995798772662563e+01	  2.197927019590038e+02
9900	 1.00000e-01	 9.90000e+00	  2.496957083160107e+00	  2.501042540462724e+00	  5.904506872606274e+01	  9.991118023848543e+00	  2.848251545463939e+02	  5.965401304425732e+03	  1.854933727470111e+03	  4.790660674293924e+03	  2.497467786738400e+01	  9.909388122318433e+00	  7.958964205564772e+02	  3.995963023163670e+01	  2.198015650372165e+02
10000	 1.00000e-01	 1.00000e+01	  2.497063456500114e+00	  2.501095670808792e+00	  5.905527413987803e+01	  9.991411488702600e+00	  2.851169239666309e+02	  5.967626779266388e+03	  1.854680970088157e+03	  4.792679864535549e+03	  2.497537938317301e+01	  9.912792915549892e+00	  7.960969299978066e+02	  3.996121240582789e+01	  2.198101006495570e+02
10100	 1.00000e-01	 1.01000e+01	  2.497166181434042e+00	  2.501147812589939e+00	  5.906503081694451e+01	  9.991695861109100e+00	  2.853966274113961e+02	  5.969773580524098e+03	  1.854439326477816e+03	  4.794616317038119e+03	  2.497605915520595e+01	  9.916074866913423e+00	  7.962902326795746e+02	  3.996273648884262e+01	  2.198183210586566e+02
10200	 1.00000e-01	 1.02000e+01	  2.497265376223939e+00	  2.501198948952872e+00	  5.907435836553328e+01	  9.991971370020643e+00	  2.856647437539910e+02	  5.971844535979060e+03	  1.854208276750531e+03	  4.796473475117148e+03	  2.497671773168954e+01	  9.919238349532518e+00	  7.964765863812881e+02	  3.996420463680411e+01	  2.198262380636629e+02
10300	 1.00000e-01	 1.03000e+01	  2.497361155873574e+00	  2.501249066874753e+00	  5.908327554072810e+01	  9.992238242990023e+00	  2.859217344346215e+02	  5.973842369685593e+03	  1.853987327041682e+03	  4.798254636095176e+03	  2.497735565741285e+01	  9.922287587751571e+00	  7.966562398975457e+02	  3.996561892541460e+01	  2.198338630178118e+02
10400	 1.00000e-01	 1.04000e+01	  2.497453632171693e+00	  2.501298156817467e+00	  5.909180028159076e+01	  9.992496705746426e+00	  2.861680439716689e+02	  5.975769705871001e+03	  1.853776008116603e+03	  4.799962957647443e+03	  2.497797347273914e+01	  9.925226661614984e+00	  7.968294333297441e+02	  3.996698135294130e+01	  2.198412068453368e+02
10500	 1.00000e-01	 1.05000e+01	  2.497542913738868e+00	  2.501346212407968e+00	  5.909994974667967e+01	  9.992746981818781e+00	  2.864041004679600e+02	  5.977629072683542e+03	  1.853573874055959e+03	  4.801601463861998e+03	  2.497857171271012e+01	  9.928059511255277e+00	  7.969963983699097e+02	  3.996829384309295e+01	  2.198482800577343e+02
10600	 1.00000e-01	 1.06000e+01	  2.497629106077488e+00	  2.501393230142906e+00	  5.910774034799834e+01	  9.992989292202529e+00	  2.866303161111400e+02	  5.979422905795767e+03	  1.853380501015689e+03	  4.803173051027820e+03	  2.497915090625367e+01	  9.930789941188921e+00	  7.971573585767539e+02	  3.996955824779105e+01	  2.198550927694153e+02
10700	 1.00000e-01	 1.07000e+01	  2.497712311624499e+00	  2.501439209115844e+00	  5.911518778344769e+01	  9.993223855066400e+00	  2.868470876673545e+02	  5.981153551868735e+03	  1.853195486057129e+03	  4.804680493163707e+03	  2.497971157548708e+01	  9.933421624518521e+00	  7.973125296440613e+02	  3.997077634983968e+01	  2.198616547127644e+02
10800	 1.00000e-01	 1.08000e+01	  2.497792629806429e+00	  2.501484150765393e+00	  5.912230706785066e+01	  9.993450885495852e+00	  2.870547969675403e+02	  5.982823271882869e+03	  1.853018446043120e+03	  4.806126447299990e+03	  2.498025423510744e+01	  9.935958107040712e+00	  7.974621196615421e+02	  3.997194986549719e+01	  2.198679752526282e+02
10900	 1.00000e-01	 1.09000e+01	  2.497870157096406e+00	  2.501528058642868e+00	  5.912911256261602e+01	  9.993670595270162e+00	  2.872538113857167e+02	  5.984434244340531e+03	  1.852849016596178e+03	  4.807513458524690e+03	  2.498077939186252e+01	  9.938402811258975e+00	  7.976063293682600e+02	  3.997308044695385e+01	  2.198740634002558e+02
11000	 1.00000e-01	 1.10000e+01	  2.497944987072811e+00	  2.501570938198005e+00	  5.913561800410227e+01	  9.993883192670513e+00	  2.874444843087364e+02	  5.985988568345705e+03	  1.852686851115082e+03	  4.808843964805004e+03	  2.498128754409514e+01	  9.940759040301282e+00	  7.977453523987563e+02	  3.997416968471848e+01	  2.198799278267121e+02
11100	 1.00000e-01	 1.11000e+01	  2.498017210479250e+00	  2.501612796581501e+00	  5.914183653074226e+01	  9.994088882316239e+00	  2.876271555970523e+02	  5.987488266565348e+03	  1.852531619846409e+03	  4.810120301594684e+03	  2.498177918135509e+01	  9.943029981742265e+00	  7.978793755220219e+02	  3.997521910991743e+01	  2.198855768757838e+02
11200	 1.00000e-01	 1.12000e+01	  2.498086915285582e+00	  2.501653642463121e+00	  5.914778070898321e+01	  9.994287865026969e+00	  2.878021520361024e+02	  5.988935288077240e+03	  1.852383009007781e+03	  4.811344706237091e+03	  2.498225478407226e+01	  9.945218711330014e+00	  7.980085788734199e+02	  3.997623019650915e+01	  2.198910185763964e+02
11300	 1.00000e-01	 1.13000e+01	  2.498154186749754e+00	  2.501693485864306e+00	  5.915346255809671e+01	  9.994480337708366e+00	  2.879697877779996e+02	  5.990331511109000e+03	  1.852240719959795e+03	  4.812519322173443e+03	  2.498271482328646e+01	  9.947328196618139e+00	  7.981331361797244e+02	  3.997720436341731e+01	  2.198962606545628e+02
11400	 1.00000e-01	 1.14000e+01	  2.498219107480183e+00	  2.501732338004185e+00	  5.915889357390867e+01	  9.994666493259368e+00	  2.881303647732571e+02	  5.991678745672162e+03	  1.852104468423780e+03	  4.813646202965271e+03	  2.498315976042813e+01	  9.949361300503144e+00	  7.982532149773932e+02	  3.997814297658530e+01	  2.199013105448771e+02
11500	 1.00000e-01	 1.15000e+01	  2.498281757498514e+00	  2.501770211158063e+00	  5.916408475149765e+01	  9.994846520499030e+00	  2.882841731923446e+02	  5.992978736095765e+03	  1.851973983742688e+03	  4.814727316139525e+03	  2.498359004714577e+01	  9.951320784667990e+00	  7.983689768242164e+02	  3.997904735095519e+01	  2.199061754015773e+02
11600	 1.00000e-01	 1.16000e+01	  2.498342214302517e+00	  2.501807118527421e+00	  5.916904660690776e+01	  9.995020604111069e+00	  2.884314918369162e+02	  5.994233163463322e+03	  1.851849008182604e+03	  4.815764546864558e+03	  2.498400612517574e+01	  9.953209312932739e+00	  7.984805775044941e+02	  3.997991875237358e+01	  2.199108621091847e+02
11700	 1.00000e-01	 1.17000e+01	  2.498400552928988e+00	  2.501843074120662e+00	  5.917378919791912e+01	  9.995188924604625e+00	  2.885725885405909e+02	  5.995443647957001e+03	  1.851729296272542e+03	  4.816759701464672e+03	  2.498440842625044e+01	  9.955029454513008e+00	  7.985881672278700e+02	  3.998075839942735e+01	  2.199153772927444e+02
11800	 1.00000e-01	 1.18000e+01	  2.498456846016471e+00	  2.501878092643743e+00	  5.917832214391856e+01	  9.995351658289529e+00	  2.887077205592264e+02	  5.996611751112498e+03	  1.851614614180259e+03	  4.817714510780647e+03	  2.498479737204106e+01	  9.956783687187510e+00	  7.986918908219792e+02	  3.998156746521114e+01	  2.199197273276744e+02
11900	 1.00000e-01	 1.19000e+01	  2.498511163867684e+00	  2.501912189400019e+00	  5.918265464490879e+01	  9.995508977264810e+00	  2.888371349506353e+02	  5.997738977988354e+03	  1.851504739122044e+03	  4.818630633383178e+03	  2.498517337413208e+01	  9.958474400375721e+00	  7.987918879190422e+02	  3.998234707903000e+01	  2.199239183492446e+02
12000	 1.00000e-01	 1.20000e+01	  2.498563574511492e+00	  2.501945380198577e+00	  5.918679549969525e+01	  9.995661049419015e+00	  2.889610689437586e+02	  5.998826779252870e+03	  1.851399458804486e+03	  4.819509658646026e+03	  2.498553683402347e+01	  9.960103898126986e+00	  7.988882931365520e+02	  3.998309832803865e+01	  2.199279562616940e+02
12100	 1.00000e-01	 1.21000e+01	  2.498614143764333e+00	  2.501977681270445e+00	  5.919075312328604e+01	  9.995808038441099e+00	  2.890797502973168e+02	  5.999876553191943e+03	  1.851298570896411e+03	  4.820353109685137e+03	  2.498588814315847e+01	  9.961674402022382e+00	  7.989812362522006e+02	  3.998382225881995e+01	  2.199318467470030e+02
12200	 1.00000e-01	 1.22000e+01	  2.498662935291010e+00	  2.502009109192117e+00	  5.919453556353891e+01	  9.995950103841052e+00	  2.891933976479982e+02	  6.000889647640823e+03	  1.851201882529243e+03	  4.821162446169767e+03	  2.498622768297422e+01	  9.963188053991036e+00	  7.990708423731950e+02	  3.998451987890513e+01	  2.199355952733330e+02
12300	 1.00000e-01	 1.23000e+01	  2.498710010664724e+00	  2.502039680815790e+00	  5.919815051708881e+01	  9.996087400978842e+00	  2.893022208482722e+02	  6.001867361842906e+03	  1.851109209824162e+03	  4.821939067011549e+03	  2.498655582497231e+01	  9.964646919041975e+00	  7.991572321000808e+02	  3.998519215823731e+01	  2.199392071031458e+02
12400	 1.00000e-01	 1.24000e+01	  2.498755429426303e+00	  2.502069413205844e+00	  5.920160534458710e+01	  9.996220081101011e+00	  2.894064212939228e+02	  6.002810948238223e+03	  1.851020377444522e+03	  4.822684312936764e+03	  2.498687293080746e+01	  9.966052987913454e+00	  7.992405216852499e+02	  3.998584003058069e+01	  2.199426873010144e+02
12500	 1.00000e-01	 1.25000e+01	  2.498799249142528e+00	  2.502098323581079e+00	  5.920490708528224e+01	  9.996348291383878e+00	  2.895061922414350e+02	  6.003721614184454e+03	  1.850935218172128e+03	  4.823399468947287e+03	  2.498717935239214e+01	  9.967408179641087e+00	  7.993208231862391e+02	  3.998646439487718e+01	  2.199460407411357e+02
12600	 1.00000e-01	 1.26000e+01	  2.498841525463542e+00	  2.502126429262301e+00	  5.920806247097047e+01	  9.996472174982777e+00	  2.896017191153710e+02	  6.004600523613153e+03	  1.850853572505969e+03	  4.824085766675018e+03	  2.498747543201505e+01	  9.968714344046786e+00	  7.993982446139889e+02	  3.998706611655287e+01	  2.199492721145613e+02
12700	 1.00000e-01	 1.27000e+01	  2.498882312179229e+00	  2.502153747624781e+00	  5.921107793934363e+01	  9.996591871086332e+00	  2.896931798058876e+02	  6.005448798623521e+03	  1.850775288282187e+03	  4.824744386634597e+03	  2.498776150247206e+01	  9.969973264149813e+00	  7.994728900761792e+02	  3.998764602877529e+01	  2.199523859361488e+02
12800	 1.00000e-01	 1.28000e+01	  2.498921661274581e+00	  2.502180296055279e+00	  5.921395964676117e+01	  9.996707514975290e+00	  2.897807449565718e+02	  6.006267521016347e+03	  1.850700220314055e+03	  4.825376460379044e+03	  2.498803788720766e+01	  9.971186658501892e+00	  7.995448599157801e+02	  3.998820493366409e+01	  2.199553865512521e+02
12900	 1.00000e-01	 1.29000e+01	  2.498959622983976e+00	  2.502206091913262e+00	  5.921671348046932e+01	  9.996819238085193e+00	  2.898645782427701e+02	  6.007057733770257e+03	  1.850628230050839e+03	  4.825983072562552e+03	  2.498830490046571e+01	  9.972356183448140e+00	  7.996142508449759e+02	  3.998874360345634e+01	  2.199582781421557e+02
13000	 1.00000e-01	 1.30000e+01	  2.498996245844346e+00	  2.502231152495949e+00	  5.921934507029349e+01	  9.996927168072395e+00	  2.899448366405964e+02	  6.007820442462584e+03	  1.850559185254530e+03	  4.826565262914436e+03	  2.498856284744796e+01	  9.973483435315385e+00	  7.996811560745575e+02	  3.998926278162851e+01	  2.199610647342638e+02
13100	 1.00000e-01	 1.31000e+01	  2.499031576747230e+00	  2.502255495006943e+00	  5.922185979982489e+01	  9.997031428882893e+00	  2.900216706868233e+02	  6.008556616637062e+03	  1.850492959693371e+03	  4.827124028128524e+03	  2.498881202447932e+01	  9.974569952529855e+00	  7.997456654389489e+02	  3.998976318397597e+01	  2.199637502020546e+02
13200	 1.00000e-01	 1.32000e+01	  2.499065660989668e+00	  2.502279136528133e+00	  5.922426281712401e+01	  9.997132140823478e+00	  2.900952247298569e+02	  6.009267191120208e+03	  1.850429432851331e+03	  4.827660323671309e+03	  2.498905271917867e+01	  9.975617217665771e+00	  7.998078655169688e+02	  3.999024549965273e+01	  2.199663382748074e+02
13300	 1.00000e-01	 1.33000e+01	  2.499098542323922e+00	  2.502302093994584e+00	  5.922655904496174e+01	  9.997229420634763e+00	  2.901656371720002e+02	  6.009953067288558e+03	  1.850368489652596e+03	  4.828175065512792e+03	  2.498928521063394e+01	  9.976626659426815e+00	  7.998678397484737e+02	  3.999071039217132e+01	  2.199688325421096e+02
13400	 1.00000e-01	 1.34000e+01	  2.499130263006058e+00	  2.502324384172260e+00	  5.922875319061767e+01	  9.997323381565819e+00	  2.902330407032236e+02	  6.010615114288532e+03	  1.850310020200237e+03	  4.828669131783142e+03	  2.498950976958123e+01	  9.977599654562123e+00	  7.999256685469994e+02	  3.999115850036628e+01	  2.199712364591575e+02
13500	 1.00000e-01	 1.35000e+01	  2.499160863843318e+00	  2.502346023638241e+00	  5.923084975525514e+01	  9.997414133449929e+00	  2.902975625266548e+02	  6.011254170210793e+03	  1.850253919528325e+03	  4.829143364358695e+03	  2.498972665858634e+01	  9.978537529718553e+00	  7.999814294085143e+02	  3.999159043932048e+01	  2.199735533518519e+02
13600	 1.00000e-01	 1.36000e+01	  2.499190384240332e+00	  2.502367028763314e+00	  5.923285304289038e+01	  9.997501782781232e+00	  2.903593245760029e+02	  6.011871043220803e+03	  1.850200087366693e+03	  4.829598570380193e+03	  2.498993613222846e+01	  9.979441563230942e+00	  8.000351970164152e+02	  3.999200680125733e+01	  2.199757864217001e+02
13700	 1.00000e-01	 1.37000e+01	  2.499218862244141e+00	  2.502387415696702e+00	  5.923476716897466e+01	  9.997586432791891e+00	  2.904184437251421e+02	  6.012466512647338e+03	  1.850148427917710e+03	  4.830035523706319e+03	  2.499013843728508e+01	  9.980312986852185e+00	  8.000870433428821e+02	  3.999240815639875e+01	  2.199779387505306e+02
13800	 1.00000e-01	 1.38000e+01	  2.499246334588067e+00	  2.502407200352785e+00	  5.923659606860426e+01	  9.997668183529619e+00	  2.904750319900660e+02	  6.013041330030458e+03	  1.850098849644380e+03	  4.830454966305319e+03	  2.499033381291786e+01	  9.981152987424743e+00	  8.001370377466970e+02	  3.999279505379182e+01	  2.199800133050296e+02
13900	 1.00000e-01	 1.39000e+01	  2.499272836734390e+00	  2.502426398399602e+00	  5.923834350437612e+01	  9.997747131935306e+00	  2.905291967234385e+02	  6.013596220130526e+03	  1.850051265069163e+03	  4.830857609587454e+03	  2.499052249085835e+01	  9.981962708495216e+00	  8.001852470676430e+02	  3.999316802210343e+01	  2.199820129411014e+02
14000	 1.00000e-01	 1.40000e+01	  2.499298402915894e+00	  2.502445025249037e+00	  5.924001307390267e+01	  9.997823371920433e+00	  2.905810408019511e+02	  6.014131881899867e+03	  1.850005590582944e+03	  4.831244135680876e+03	  2.499070469559356e+01	  9.982743251873741e+00	  8.002317357175946e+02	  3.999352757038552e+01	  2.199839404080647e+02
14100	 1.00000e-01	 1.41000e+01	  2.499323066176260e+00	  2.502463096048500e+00	  5.924160821700205e+01	  9.997896994444273e+00	  2.906306628067077e+02	  6.014648989418260e+03	  1.849961746263573e+03	  4.831615198653267e+03	  2.499088064455075e+01	  9.983495679139770e+00	  8.002765657684005e+02	  3.999387418881129e+01	  2.199857983526879e+02
14200	 1.00000e-01	 1.42000e+01	  2.499346858409313e+00	  2.502480625673999e+00	  5.924313222257647e+01	  9.997968087590484e+00	  2.906781571968498e+02	  6.015148192793893e+03	  1.849919655703508e+03	  4.831971425681755e+03	  2.499105054828084e+01	  9.984221013095992e+00	  8.003197970366774e+02	  3.999420834938373e+01	  2.199875893230694e+02
14300	 1.00000e-01	 1.43000e+01	  2.499369810397181e+00	  2.502497628724472e+00	  5.924458823519307e+01	  9.998036736643243e+00	  2.907236144766285e+02	  6.015630119030943e+03	  1.849879245846049e+03	  4.832313418173216e+03	  2.499121461064067e+01	  9.984920239171716e+00	  8.003614871655886e+02	  3.999453050661732e+01	  2.199893157723711e+02
14400	 1.00000e-01	 1.44000e+01	  2.499391951847337e+00	  2.502514119517294e+00	  5.924597926137903e+01	  9.998103024162463e+00	  2.907671213561401e+02	  6.016095372865009e+03	  1.849840446829710e+03	  4.832641752837229e+03	  2.499137302897302e+01	  9.985594306777468e+00	  8.004016917037355e+02	  3.999484109819436e+01	  2.199909800624087e+02
14500	 1.00000e-01	 1.45000e+01	  2.499413311428558e+00	  2.502530112084795e+00	  5.924730817564446e+01	  9.998167030058195e+00	  2.908087609059200e+02	  6.016544537567789e+03	  1.849803191840269e+03	  4.832956982713617e+03	  2.499152599428472e+01	  9.986244130612175e+00	  8.004404641812349e+02	  3.999514054559604e+01	  2.199925844671048e+02
14600	 1.00000e-01	 1.46000e+01	  2.499433916805825e+00	  2.502545620171750e+00	  5.924857772624372e+01	  9.998228831664072e+00	  2.908486127056071e+02	  6.016978175722009e+03	  1.849767416970167e+03	  4.833259638156639e+03	  2.499167369142246e+01	  9.986870591924609e+00	  8.004778561830875e+02	  3.999542925470996e+01	  2.199941311758095e+02
14700	 1.00000e-01	 1.47000e+01	  2.499453794674185e+00	  2.502560657233752e+00	  5.924979054068715e+01	  9.998288503809672e+00	  2.908867529868643e+02	  6.017396829967826e+03	  1.849733061084760e+03	  4.833550227777579e+03	  2.499181629924585e+01	  9.987474539730382e+00	  8.005139174199320e+02	  3.999570761641487e+01	  2.199956222964959e+02
14800	 1.00000e-01	 1.48000e+01	  2.499472970791567e+00	  2.502575236436323e+00	  5.925094913101352e+01	  9.998346118891703e+00	  2.909232547707608e+02	  6.017801023721684e+03	  1.849700065695164e+03	  4.833829239347700e+03	  2.499195399079786e+01	  9.988056791985906e+00	  8.005486957962573e+02	  3.999597600714290e+01	  2.199970598588308e+02
14900	 1.00000e-01	 1.49000e+01	  2.499491470010632e+00	  2.502589370654789e+00	  5.925205589883375e+01	  9.998401746944024e+00	  2.909581879998001e+02	  6.018191261868795e+03	  1.849668374837298e+03	  4.834097140663027e+03	  2.499208693347227e+01	  9.988618136720858e+00	  8.005822374761748e+02	  3.999623478942099e+01	  2.199984458171314e+02
15000	 1.00000e-01	 1.50000e+01	  2.499509316309607e+00	  2.502603072474760e+00	  5.925311314015554e+01	  9.998455455706448e+00	  2.909916196647750e+02	  6.018568031430093e+03	  1.849637934956789e+03	  4.834354380372845e+03	  2.499221528917834e+01	  9.989159333130349e+00	  8.006145869468229e+02	  3.999648431239153e+01	  2.199997820532065e+02
15100	 1.00000e-01	 1.51000e+01	  2.499526532822173e+00	  2.502616354193187e+00	  5.925412304999866e+01	  9.998507310692101e+00	  2.910236139266347e+02	  6.018931802204776e+03	  1.849608694799487e+03	  4.834601388773281e+03	  2.499233921450198e+01	  9.989681112628185e+00	  8.006457870794945e+02	  3.999672491231358e+01	  2.200010703790901e+02
15200	 1.00000e-01	 1.52000e+01	  2.499543141866420e+00	  2.502629227819952e+00	  5.925508772680973e+01	  9.998557375253556e+00	  2.910542322335447e+02	  6.019283027389185e+03	  1.849580605307242e+03	  4.834838578567598e+03	  2.499245886086388e+01	  9.990184179862496e+00	  8.006758791885553e+02	  3.999695691304493e+01	  2.200023125396704e+02
15300	 1.00000e-01	 1.53000e+01	  2.499559164972875e+00	  2.502641705079915e+00	  5.925600917668498e+01	  9.998605710647578e+00	  2.910835334333036e+02	  6.019622144173089e+03	  1.849553619518711e+03	  4.835066345594507e+03	  2.499257437467444e+01	  9.990669213694982e+00	  8.007049030882338e+02	  3.999718062650613e+01	  2.200035102152199e+02
15400	 1.00000e-01	 1.54000e+01	  2.499574622911654e+00	  2.502653797415368e+00	  5.925688931740973e+01	  9.998652376098404e+00	  2.911115738812841e+02	  6.019949574314055e+03	  1.849527692474926e+03	  4.835285069525941e+03	  2.499268589748513e+01	  9.991136868145077e+00	  8.007328971473690e+02	  3.999739635312694e+01	  2.200046650238260e+02
