1

12 18 18

0.2 
1.0 
23. 
0.01 
0.2 
4.0 
8.0 
0.5 
1.5 
270.0 
270.0 
80.0


200.0 
68.50 
15.740 
3019.0 
99.60 
9763.0 
0.0680 
12.10 
4568.0 
116.0 
475.40 
63.640
10.480 
75.60 
17.0 
0.0130 
0.0130
0.0130



1	-1	0	0	0	0	0	0	0	0	0	0	0	0	0	0	0	0
0	1	-1	-1	0	0	0	0	-1	0	0	0	0	0	0	0	0	0
0	0	0	1	-0.5	0	-0.5	0	-0.5	0	0	0	0	0.5	0.5	0	0	0
0	0	0	0	1	-1	0	0	-1	-1	0	0	0	-1	0	0	0	0
0	-1	-1	-1	1	1	0	-1	0	-1	0	-1	-1	-4	1	0	0	0
0	0	0	0	0	0	0	0	1	-1	0	0	0	0	0	0	0	0
0	0	0	0	0	0	0	0	0	1	-1	0	0	-1	0	0	0	0
0	0	0	0	0	0	0	0	0	0	1	-1	-1	0	0	0	0	0
0	0	0	0	0	0	0	0	1	0	0	0	0	-1	-1	0	0	0
0	0	0	0	0	0	0	0	0	0	0	1	0	0	0	-1	0	0
0	0	0	0	0	0	0	0	0	0	0	0	1	0	0	0	-1	0
0	0	0	0	0	0	0	0	0	0	0	0	0	1	0	0	0	-1

