  0.000000000000000e+00
 -5.314473557091018e+00
  0.000000000000000e+00
  0.000000000000000e+00
  0.000000000000000e+00
  0.000000000000000e+00
  0.000000000000000e+00
  0.000000000000000e+00
  0.000000000000000e+00
  0.000000000000000e+00
  0.000000000000000e+00
  0.000000000000000e+00
  6.314473557091018e+00
  0.000000000000000e+00
  0.000000000000000e+00
  0.000000000000000e+00
  0.000000000000000e+00
  0.000000000000000e+00
  0.000000000000000e+00
  0.000000000000000e+00
  0.000000000000000e+00
  0.000000000000000e+00
  0.000000000000000e+00
  0.000000000000000e+00
  0.000000000000000e+00
  0.000000000000000e+00
  0.000000000000000e+00
  0.000000000000000e+00
  0.000000000000000e+00
  0.000000000000000e+00
  3.083452534716442e-01
  0.000000000000000e+00
  0.000000000000000e+00
  0.000000000000000e+00
  2.376545575170572e-01
  0.000000000000000e+00
  0.000000000000000e+00
  0.000000000000000e+00
  0.000000000000000e+00
  0.000000000000000e+00
  0.000000000000000e+00
  0.000000000000000e+00
  0.000000000000000e+00
  1.000000000000000e+00
  0.000000000000000e+00
  0.000000000000000e+00
  0.000000000000000e+00
  0.000000000000000e+00
  0.000000000000000e+00
  0.000000000000000e+00
  0.000000000000000e+00
  0.000000000000000e+00
  0.000000000000000e+00
  0.000000000000000e+00
  0.000000000000000e+00
  0.000000000000000e+00
  0.000000000000000e+00
  0.000000000000000e+00
  0.000000000000000e+00
  0.000000000000000e+00
  0.000000000000000e+00
  9.317412278883266e+00
  0.000000000000000e+00
  0.000000000000000e+00
  0.000000000000000e+00
  0.000000000000000e+00
  0.000000000000000e+00
  0.000000000000000e+00
  0.000000000000000e+00
  0.000000000000000e+00
  0.000000000000000e+00
  0.000000000000000e+00
  0.000000000000000e+00
  0.000000000000000e+00
  1.000000000000000e+00
  0.000000000000000e+00
  0.000000000000000e+00
  0.000000000000000e+00
  0.000000000000000e+00
  0.000000000000000e+00
  0.000000000000000e+00
  0.000000000000000e+00
  0.000000000000000e+00
  0.000000000000000e+00
  0.000000000000000e+00
  0.000000000000000e+00
  0.000000000000000e+00
  0.000000000000000e+00
  0.000000000000000e+00
  0.000000000000000e+00
  0.000000000000000e+00
  3.383695012445879e-01
  0.000000000000000e+00
  0.000000000000000e+00
  7.898524803231152e-02
  0.000000000000000e+00
  0.000000000000000e+00
  0.000000000000000e+00
  0.000000000000000e+00
  0.000000000000000e+00
  0.000000000000000e+00
  0.000000000000000e+00
  0.000000000000000e+00
  0.000000000000000e+00
  0.000000000000000e+00
  9.999999999999999e-01
  0.000000000000000e+00
  0.000000000000000e+00
  0.000000000000000e+00
  0.000000000000000e+00
  0.000000000000000e+00
  0.000000000000000e+00
  0.000000000000000e+00
  0.000000000000000e+00
  0.000000000000000e+00
  0.000000000000000e+00
  0.000000000000000e+00
  0.000000000000000e+00
  0.000000000000000e+00
  0.000000000000000e+00
  0.000000000000000e+00
  0.000000000000000e+00
  4.196688051157925e-01
  0.000000000000000e+00
  2.656687783770954e-02
  0.000000000000000e+00
  0.000000000000000e+00
  0.000000000000000e+00
  0.000000000000000e+00
  0.000000000000000e+00
  0.000000000000000e+00
  0.000000000000000e+00
  0.000000000000000e+00
  0.000000000000000e+00
  0.000000000000000e+00
  0.000000000000000e+00
  1.000000000000000e+00
  0.000000000000000e+00
  0.000000000000000e+00
  0.000000000000000e+00
  0.000000000000000e+00
  0.000000000000000e+00
  0.000000000000000e+00
  0.000000000000000e+00
  0.000000000000000e+00
  0.000000000000000e+00
  0.000000000000000e+00
  0.000000000000000e+00
  0.000000000000000e+00
  0.000000000000000e+00
  0.000000000000000e+00
  0.000000000000000e+00
  1.137126145882621e-02
  3.598486975360789e-01
  3.729791141660106e-01
  0.000000000000000e+00
  0.000000000000000e+00
  0.000000000000000e+00
  0.000000000000000e+00
  0.000000000000000e+00
  0.000000000000000e+00
  0.000000000000000e+00
  0.000000000000000e+00
  0.000000000000000e+00
  0.000000000000000e+00
  0.000000000000000e+00
  0.000000000000000e+00
  1.000000000000000e+00
  0.000000000000000e+00
  0.000000000000000e+00
  0.000000000000000e+00
  0.000000000000000e+00
  0.000000000000000e+00
  0.000000000000000e+00
  0.000000000000000e+00
  0.000000000000000e+00
  0.000000000000000e+00
  0.000000000000000e+00
  0.000000000000000e+00
  0.000000000000000e+00
  0.000000000000000e+00
  0.000000000000000e+00
  4.196688051157924e-01
  0.000000000000000e+00
  2.656687783770954e-02
  0.000000000000000e+00
  0.000000000000000e+00
  0.000000000000000e+00
  0.000000000000000e+00
  0.000000000000000e+00
  0.000000000000000e+00
  0.000000000000000e+00
  0.000000000000000e+00
  0.000000000000000e+00
  0.000000000000000e+00
  0.000000000000000e+00
  1.000000000000000e+00
  0.000000000000000e+00
  1.000000000000000e+00
  0.000000000000000e+00
  0.000000000000000e+00
  0.000000000000000e+00
  0.000000000000000e+00
  0.000000000000000e+00
  0.000000000000000e+00
  0.000000000000000e+00
  0.000000000000000e+00
  0.000000000000000e+00
  0.000000000000000e+00
  0.000000000000000e+00
  0.000000000000000e+00
  0.000000000000000e+00
  0.000000000000000e+00
  0.000000000000000e+00
  1.000000000000000e+00
  0.000000000000000e+00
  0.000000000000000e+00
  0.000000000000000e+00
  0.000000000000000e+00
  0.000000000000000e+00
  0.000000000000000e+00
  0.000000000000000e+00
  0.000000000000000e+00
  0.000000000000000e+00
  0.000000000000000e+00
  0.000000000000000e+00
  0.000000000000000e+00
  0.000000000000000e+00
  0.000000000000000e+00
  9.999999999999998e-01
  0.000000000000000e+00
  0.000000000000000e+00
  0.000000000000000e+00
  0.000000000000000e+00
  0.000000000000000e+00
  0.000000000000000e+00
  0.000000000000000e+00
  0.000000000000000e+00
  0.000000000000000e+00
  0.000000000000000e+00
  0.000000000000000e+00
  2.616085767345511e-02
  0.000000000000000e+00
  9.874890700614601e-01
  0.000000000000000e+00
 -9.822361779236576e-01
  0.000000000000000e+00
  0.000000000000000e+00
  0.000000000000000e+00
 -6.952082845100167e-01
 -1.383352508681504e-01
 -9.178426870499495e-03
  0.000000000000000e+00
  0.000000000000000e+00
  0.000000000000000e+00
  0.000000000000000e+00
  0.000000000000000e+00
  0.000000000000000e+00
  0.000000000000000e+00
  0.000000000000000e+00
  9.999999999999998e-01
  0.000000000000000e+00
  0.000000000000000e+00
  0.000000000000000e+00
  0.000000000000000e+00
  0.000000000000000e+00
  0.000000000000000e+00
  0.000000000000000e+00
  0.000000000000000e+00
  0.000000000000000e+00
  0.000000000000000e+00
  0.000000000000000e+00
  0.000000000000000e+00
  3.892608372408796e-01
  8.214908322978610e-01
  3.484446873472065e-01
  0.000000000000000e+00
  0.000000000000000e+00
  0.000000000000000e+00
  0.000000000000000e+00
  0.000000000000000e+00
  0.000000000000000e+00
  0.000000000000000e+00
  0.000000000000000e+00
  0.000000000000000e+00
  0.000000000000000e+00
  0.000000000000000e+00
  0.000000000000000e+00
  0.000000000000000e+00
  0.000000000000000e+00
  0.000000000000000e+00
  1.000000000000000e+00
  0.000000000000000e+00
  0.000000000000000e+00
  0.000000000000000e+00
  0.000000000000000e+00
  0.000000000000000e+00
  0.000000000000000e+00
  0.000000000000000e+00
  0.000000000000000e+00
  0.000000000000000e+00
  0.000000000000000e+00
  0.000000000000000e+00
  0.000000000000000e+00
  0.000000000000000e+00
  0.000000000000000e+00
  2.026750272266080e-01
  0.000000000000000e+00
  0.000000000000000e+00
 -8.441693741646090e-01
 -8.773895787476637e-01
  0.000000000000000e+00
  0.000000000000000e+00
  0.000000000000000e+00
  0.000000000000000e+00
  0.000000000000000e+00
  0.000000000000000e+00
  0.000000000000000e+00
  0.000000000000000e+00
  0.000000000000000e+00
  0.000000000000000e+00
  0.000000000000000e+00
  1.000000000000000e+00
  0.000000000000000e+00
  0.000000000000000e+00
  0.000000000000000e+00
  0.000000000000000e+00
  0.000000000000000e+00
  0.000000000000000e+00
  0.000000000000000e+00
  0.000000000000000e+00
  0.000000000000000e+00
  0.000000000000000e+00
  0.000000000000000e+00
  0.000000000000000e+00
  0.000000000000000e+00
  0.000000000000000e+00
  6.449355856205596e-01
  0.000000000000000e+00
 -8.441693741646090e-01
  0.000000000000000e+00
  0.000000000000000e+00
  0.000000000000000e+00
  0.000000000000000e+00
  0.000000000000000e+00
  0.000000000000000e+00
  0.000000000000000e+00
  0.000000000000000e+00
  0.000000000000000e+00
  0.000000000000000e+00
  0.000000000000000e+00
  0.000000000000000e+00
  0.000000000000000e+00
  1.000000000000000e+00
  0.000000000000000e+00
  0.000000000000000e+00
  0.000000000000000e+00
  0.000000000000000e+00
  0.000000000000000e+00
  0.000000000000000e+00
  0.000000000000000e+00
  0.000000000000000e+00
  0.000000000000000e+00
  0.000000000000000e+00
  0.000000000000000e+00
  0.000000000000000e+00
  0.000000000000000e+00
  6.449355856205597e-01
  0.000000000000000e+00
  0.000000000000000e+00
  0.000000000000000e+00
  0.000000000000000e+00
  0.000000000000000e+00
  0.000000000000000e+00
  0.000000000000000e+00
  0.000000000000000e+00
  0.000000000000000e+00
  0.000000000000000e+00
  0.000000000000000e+00
  0.000000000000000e+00
  0.000000000000000e+00
  0.000000000000000e+00
  0.000000000000000e+00
  0.000000000000000e+00
  1.000000000000000e+00
  0.000000000000000e+00
  0.000000000000000e+00
  0.000000000000000e+00
  0.000000000000000e+00
  0.000000000000000e+00
  0.000000000000000e+00
  0.000000000000000e+00
  0.000000000000000e+00
  0.000000000000000e+00
  8.214908322978609e-01
  0.000000000000000e+00
  2.026750272266082e-01
  0.000000000000000e+00
  4.625266477858477e-01
  0.000000000000000e+00
  0.000000000000000e+00
 -8.274858785183998e-01
  0.000000000000000e+00
  0.000000000000000e+00
  0.000000000000000e+00
  0.000000000000000e+00
  0.000000000000000e+00
  0.000000000000000e+00
  0.000000000000000e+00
  0.000000000000000e+00
  0.000000000000000e+00
  0.000000000000000e+00
  0.000000000000000e+00
  0.000000000000000e+00
  0.000000000000000e+00
  1.000000000000000e+00
  0.000000000000000e+00
  0.000000000000000e+00
  0.000000000000000e+00
  0.000000000000000e+00
  0.000000000000000e+00
  0.000000000000000e+00
  0.000000000000000e+00
  0.000000000000000e+00
  3.926529820381804e-01
  0.000000000000000e+00
  0.000000000000000e+00
  0.000000000000000e+00
  3.517062162478830e-01
  0.000000000000000e+00
  0.000000000000000e+00
  0.000000000000000e+00
  0.000000000000000e+00
  0.000000000000000e+00
  0.000000000000000e+00
  0.000000000000000e+00
  0.000000000000000e+00
  0.000000000000000e+00
  0.000000000000000e+00
  0.000000000000000e+00
  0.000000000000000e+00
  0.000000000000000e+00
  0.000000000000000e+00
  0.000000000000000e+00
  0.000000000000000e+00
  0.000000000000000e+00
  1.000000000000000e+00
  0.000000000000000e+00
  0.000000000000000e+00
  0.000000000000000e+00
  0.000000000000000e+00
  0.000000000000000e+00
  0.000000000000000e+00
  0.000000000000000e+00
  0.000000000000000e+00
  0.000000000000000e+00
  0.000000000000000e+00
  0.000000000000000e+00
  0.000000000000000e+00
  1.000000000000000e+00
  0.000000000000000e+00
  0.000000000000000e+00
  0.000000000000000e+00
  0.000000000000000e+00
  0.000000000000000e+00
  0.000000000000000e+00
  0.000000000000000e+00
  0.000000000000000e+00
  0.000000000000000e+00
  0.000000000000000e+00
  0.000000000000000e+00
  0.000000000000000e+00
  0.000000000000000e+00
  0.000000000000000e+00
  0.000000000000000e+00
  0.000000000000000e+00
  0.000000000000000e+00
  1.000000000000000e+00
  0.000000000000000e+00
  0.000000000000000e+00
  0.000000000000000e+00
  0.000000000000000e+00
  0.000000000000000e+00
  0.000000000000000e+00
  0.000000000000000e+00
  0.000000000000000e+00
  0.000000000000000e+00
  0.000000000000000e+00
  0.000000000000000e+00
  0.000000000000000e+00
  1.000000000000000e+00
  0.000000000000000e+00
  0.000000000000000e+00
  0.000000000000000e+00
  0.000000000000000e+00
  0.000000000000000e+00
  0.000000000000000e+00
  0.000000000000000e+00
  0.000000000000000e+00
  0.000000000000000e+00
  0.000000000000000e+00
  0.000000000000000e+00
  0.000000000000000e+00
  0.000000000000000e+00
  0.000000000000000e+00
  0.000000000000000e+00
  0.000000000000000e+00
  0.000000000000000e+00
  1.000000000000000e+00
  0.000000000000000e+00
  0.000000000000000e+00
  0.000000000000000e+00
  0.000000000000000e+00
  0.000000000000000e+00
  0.000000000000000e+00
  0.000000000000000e+00
  0.000000000000000e+00
  0.000000000000000e+00
  0.000000000000000e+00
  0.000000000000000e+00
  0.000000000000000e+00
  1.000000000000000e+00
  0.000000000000000e+00
  0.000000000000000e+00
  0.000000000000000e+00
  0.000000000000000e+00
  0.000000000000000e+00
  0.000000000000000e+00
  0.000000000000000e+00
  0.000000000000000e+00
  0.000000000000000e+00
  0.000000000000000e+00
  0.000000000000000e+00
  0.000000000000000e+00
  0.000000000000000e+00
  0.000000000000000e+00
  0.000000000000000e+00
  0.000000000000000e+00
  0.000000000000000e+00
  1.000000000000000e+00
  3.336348332212042e-13
  1.169196724792353e+00
  9.302229997435841e-04
  8.075931559278906e-03
  1.227155387714339e-01
  2.205280567763981e-02
  1.227155387714339e-01
  1.000000000000000e+00
  5.103103593458490e+01
  8.906029411151014e-01
  1.623309715850172e+02
  9.199908831012030e+00
  5.217715324295935e-01
  9.816730173586834e-01
  6.968344671952977e-01
  9.999999999999988e-01
  9.999999999999988e-01
  9.999999999999991e-01
