  5.160066662003593e-02
  2.212594090066502e-16
 -1.006968747105879e-03
  8.431633599088377e-01
  5.452617955064105e-02
  3.738287415746835e-01
 -6.465536787593688e-02
 -4.555891546812150e-02
 -6.452557220977770e-02
 -1.818921445127814e-01
  3.532118093628873e-02
  1.287272092598267e-02
 -1.287272092598269e-02
 -3.532118093628871e-02
  4.645066438855519e-02
 -4.174896389362533e-03
  2.206427484350981e-02
 -2.982002168317681e-02
  5.160066662003591e-02
  6.661338147750939e-16
 -1.006968747105879e-03
  8.431633599088373e-01
  5.452617955064058e-02
  3.738287415746837e-01
 -6.465536787593691e-02
 -4.555891546812152e-02
 -6.452557220977792e-02
 -1.818921445127815e-01
  3.532118093628869e-02
  1.287272092598271e-02
 -1.287272092598266e-02
 -3.532118093628871e-02
  4.645066438855520e-02
 -4.174896389362512e-03
  2.206427484350983e-02
 -2.982002168317680e-02
  1.662747494966573e+00
 -3.879152115728007e-16
  1.001765432242337e+00
 -1.478246256816313e+00
 -9.559609045149221e-02
 -6.554019828172760e-01
  1.133547306372742e-01
  7.987455273512238e-02
  1.131271709889618e-01
  3.188959513129014e-01
 -6.192560776246946e-02
 -2.256864141479336e-02
  2.256864141479339e-02
  6.192560776246941e-02
 -8.143797990277543e-02
  7.319489026228994e-03
 -3.868340732964391e-02
  5.228089540810153e-02
  4.402396079788981e-02
  1.262185251371965e-16
 -4.908972118701182e-03
  8.334417066243848e-01
  2.902762181570459e-02
  5.111579551259615e-01
 -4.287785486529373e-02
 -4.229680249834603e-02
 -8.822959787722277e-02
 -2.487117931355060e-01
  3.114108605085057e-02
  1.768713977936812e-02
 -1.768713977936811e-02
 -3.114108605085055e-02
  4.095344771887367e-02
 -2.011865454256871e-02
  1.511760081555888e-02
 -2.657861786073482e-02
  4.402396079788986e-02
  2.335626432111185e-16
 -4.908972118701185e-03
  8.334417066243855e-01
  9.269803380072306e-02
  5.111579551259618e-01
 -1.065482668503125e-01
 -4.229680249834605e-02
 -8.822959787722277e-02
 -2.487117931355062e-01
  3.114108605085062e-02
  1.768713977936814e-02
 -1.768713977936810e-02
 -3.114108605085055e-02
  4.095344771887363e-02
 -2.011865454256870e-02
  1.511760081555890e-02
 -2.657861786073484e-02
  4.180874174312268e-02
  6.675938549184883e-16
 -3.277848630520708e-03
  7.578278587640276e-01
  6.180108937200510e-02
  8.179094095124348e-01
 -8.396299807673749e-02
 -2.776450481984052e-02
 -1.411771402119645e-01
 -3.979664481835407e-01
  3.159881066520298e-02
  2.839225585564991e-02
 -2.839225585564977e-02
 -3.159881066520290e-02
  4.155539849968184e-02
 -4.750489637841401e-02
  8.194692070399495e-03
 -2.744335366065376e-02
  4.402396079788985e-02
  2.335626432111184e-16
 -4.908972118701184e-03
  8.334417066243854e-01
 -9.073019661992768e-01
  5.111579551259617e-01
  8.934517331496875e-01
 -4.229680249834604e-02
 -8.822959787722276e-02
 -2.487117931355061e-01
  3.114108605085062e-02
  1.768713977936814e-02
 -1.768713977936809e-02
 -3.114108605085054e-02
  4.095344771887363e-02
 -2.011865454256870e-02
  1.511760081555889e-02
 -2.657861786073483e-02
 -2.071283489048806e-01
  1.776356839400250e-15
 -6.296220330478733e-02
 -1.429058790163488e+00
  4.114600306805620e-01
  6.772902931677961e+00
 -5.949772450470471e-01
  4.277727323013636e-01
 -1.169052532844087e+00
 -3.295460465748302e+00
  4.227367303885232e-01
  2.343062665772592e-01
 -2.343062665772591e-01
 -4.227367303885229e-01
  5.559384331857982e-01
 -2.580794303127837e-01
  2.091836263877176e-01
 -3.605387379080245e-01
  4.640136908720687e-02
  8.132856611671799e-16
 -6.543632869331964e-03
  9.090066615685670e-01
  1.290996157607906e-01
  2.559249195182831e-03
 -1.291689606617766e-01
 -5.685455210520495e-02
 -4.417451104778980e-04
 -1.245242199660479e-03
  4.874652736413275e-02
 -1.536487268372503e-04
  1.536487268369628e-04
 -4.874652736413247e-02
  6.410625360412306e-02
  4.071351508765689e-02
  4.270858618875005e-02
 -4.034111754582233e-02
  4.640136908720673e-02
  1.149779806695964e-15
 -6.543632869331972e-03
  9.090066615685597e-01
  1.290996157607920e-01
  2.559249195183355e-03
 -1.291689606617763e-01
 -5.685455210520499e-02
 -4.417451104781200e-04
 -1.245242199659380e-03
  4.874652736413251e-02
 -1.536487268367359e-04
  1.536487268370690e-04
 -4.874652736413249e-02
  6.410625360412323e-02
  4.071351508765669e-02
  4.270858618874999e-02
 -4.034111754582226e-02
  4.414013677520449e-02
 -1.442706249832302e-16
 -4.598960940399128e-03
  8.183439623180823e-01
  1.053859389350624e-01
 -1.172317549137105e-01
 -1.022094509041425e-01
 -3.951410102529734e-02
  2.023505746267584e-02
  5.704091990474085e-02
  9.288613627250253e-02
 -4.555064439072498e-03
  4.555064439072665e-03
 -9.288613627250243e-02
  1.221539775277103e-01
  8.863396521450440e-02
  8.429654972605982e-02
 -7.667624008048984e-02
  3.078684229515562e-02
  9.634365351716298e-17
 -3.207681161359350e-03
  5.707781704299633e-01
  7.350453621483216e-02
 -8.176675049498679e-02
 -7.128900080409206e-02
 -2.756027700811400e-02
  1.411353857169666e-02
  3.978487457846624e-02
  6.478617960319218e-02
  3.551875829657134e-01
 -3.551875829657133e-01
 -6.478617960319211e-02
  8.519990005976096e-02
  3.643408372521444e-01
  5.879511872966832e-02
 -5.348010866313396e-02
  5.677615168796162e-02
  1.432044673112109e-16
 -5.915507359863677e-03
  1.052611621348646e+00
  1.355548145495667e-01
 -1.507917370878135e-01
 -1.314689919977027e-01
 -5.082581880185684e-02
  2.602775559501389e-02
  7.337004725258761e-02
  1.194766882933348e-01
 -3.449739374110806e-01
  3.449739374110807e-01
 -1.194766882933347e-01
  1.571230463720966e-01
 -1.722631603467125e-01
  1.084281573116263e-01
 -9.862637852354700e-02
  6.281560424692256e-02
  1.502589495603219e-15
 -2.065996323511248e-02
  1.567125182966401e+00
  3.012366694606682e-01
  8.721194889923796e-01
 -3.248674435658211e-01
 -1.827285015841585e-01
 -1.505341960211211e-01
 -4.243431991237724e-01
 -2.716619139243789e-01
  3.179613022901507e-02
 -3.179613022901454e-02
  2.716619139243788e-01
 -3.572608858581316e-01
 -3.071399686815564e-01
 -2.591775179907115e-01
  2.234147303940152e-01
  4.414013677520442e-02
  1.009869681500181e-15
 -4.598960940399112e-03
  8.183439623180804e-01
  1.053859389350615e-01
 -1.172317549137110e-01
 -1.022094509041424e-01
 -3.951410102529723e-02
  2.023505746267573e-02
  5.704091990474081e-02
  9.288613627250224e-02
 -4.555064439072540e-03
  4.555064439072568e-03
 -9.288613627250207e-02
  1.221539775277104e-01
  8.863396521450410e-02
  8.429654972605957e-02
 -7.667624008048970e-02
  3.078684229515558e-02
  5.551115123125784e-17
 -3.207681161359347e-03
  5.707781704299627e-01
  7.350453621483190e-02
 -8.176675049498673e-02
 -7.128900080409198e-02
 -2.756027700811397e-02
  1.411353857169665e-02
  3.978487457846631e-02
  6.478617960319212e-02
  3.551875829657130e-01
 -3.551875829657128e-01
 -6.478617960319202e-02
  8.519990005976093e-02
  3.643408372521439e-01
  5.879511872966831e-02
 -5.348010866313390e-02
  5.677615168796164e-02
  1.110223024625157e-16
 -5.915507359863677e-03
  1.052611621348646e+00
  1.355548145495669e-01
 -1.507917370878137e-01
 -1.314689919977027e-01
 -5.082581880185685e-02
  2.602775559501403e-02
  7.337004725258779e-02
  1.194766882933349e-01
 -3.449739374110807e-01
  3.449739374110811e-01
 -1.194766882933347e-01
  1.571230463720966e-01
 -1.722631603467126e-01
  1.084281573116264e-01
 -9.862637852354703e-02
  6.281560424692252e-02
  4.440892098500627e-16
 -2.065996323511245e-02
  1.567125182966401e+00
  3.012366694606672e-01
  8.721194889923785e-01
 -3.248674435658206e-01
 -1.827285015841583e-01
 -1.505341960211209e-01
 -4.243431991237712e-01
 -2.716619139243785e-01
  3.179613022901496e-02
 -3.179613022901463e-02
  2.716619139243784e-01
 -3.572608858581308e-01
 -3.071399686815561e-01
 -2.591775179907114e-01
  2.234147303940145e-01

