 -4.158922709422090e-01
  1.093978874387591e+01
  1.774536196904999e+00
  1.234031990004844e+00
 -1.370812002999386e+01
  1.009287004403886e-01
  1.247510305916043e-01
  3.106324256264589e-01
 -4.851011680496362e-01
  3.073595027117185e+01
 -1.844804616538941e-01
  5.967590199288465e-03
 -6.455181752587829e-01
 -1.427960436655335e-01
  6.198626541516798e+00
  2.393353382641958e+00
 -3.681696637990040e+01
  3.272765053194273e-01
 -1.058676917919761e-02
  1.145177817883071e+00
 -6.690747642393954e-01
 -4.695800340920985e-01
  7.312235208146356e-01
  4.331144875361395e-03
 -2.936074083315716e+00
 -8.962610894671595e-01
 -2.693962127798076e+00
 -5.413386826549181e-01
 -2.755955058639286e-02
  5.829458612560995e+00
 -3.262552458201083e+00
 -2.564875506221857e+00
  8.962610894671598e-01
  9.269744607090095e+00
 -8.832762977953570e-02
  9.990338565287236e-01
  1.048582821085589e+00
 -1.302301914498904e+00
  5.344448279938369e-02
  6.565421873897290e-01
 -5.766439084796796e-01
 -5.344448279938373e-02
  3.262046217086966e-01
 -2.778806322412901e-01
  8.832762977953566e-02
  3.795409962015420e-02
 -7.588195951020160e-01
  9.138395413030361e-01
  1.746711469379872e-01
 -3.795409962015428e-02
 -7.871799287344550e-01
  1.038386083879624e+00
 -8.050385642679239e-01
 -5.072441384306692e-01
  3.894172724706331e-01
  7.863791456884093e-01
 -7.867966129725688e-01
 -2.269749980829111e-01
  5.970436823803645e+00
  2.278051969683890e-17
  1.584182396722317e-17
 -1.759773054472244e-16
  4.225108197744972e-04
  5.222365885321523e-04
 -1.284782071394624e-02
  2.006388361633024e-02
 -1.271245195218756e+00
 -1.349131432402174e-02
  4.364182223622093e-04
 -4.720764749940855e-02
 -2.506246809697298e-03
  1.087935463434076e-01
  4.200630581736807e-02
 -6.461832006248344e-01
  1.599756113371905e-02
 -5.174905145955587e-04
  5.597729092310719e-02
 -3.270495825388240e-02
 -1.372557872316301e-02
  2.137328095427767e-02
  7.601693819778664e-05
 -5.153172395714667e-02
 -1.573048831376740e-02
 -4.728236031562359e-02
 -9.501162017817857e-03
 -4.837041276551139e-04
  1.023141935515672e-01
 -5.726182238626096e-02
 -4.501673078419358e-02
  1.573048831376740e-02
  1.626954588647040e-01
 -2.778647929772373e-03
  3.142802953214986e-02
  3.298676181254664e-02
 -4.096836434638900e-02
  9.323791045900261e-04
  1.145387109651423e-02
 -1.005998566912461e-02
 -9.323791045900274e-04
  5.690884393877796e-03
 -8.741686439773480e-03
  2.778647929772375e-03
  1.193976115957658e-03
 -2.387126771389305e-02
  2.874795073663491e-02
  5.494878805665098e-03
 -1.193976115957659e-03
 -2.476343908237787e-02
  4.400459686959506e-03
 -3.411582458109513e-03
 -2.348559979472876e-02
  1.803017032921354e-02
  2.435497184154818e-02
 -2.436790123318607e-02
 -1.500997125432608e-01
  3.948280024583457e+00
 -2.429922100996149e-16
 -1.689794556503805e-16
  1.877091258103727e-15
 -1.719567416930647e-02
 -2.125439111945580e-02
  1.681483136391485e-01
 -2.625899185747453e-01
  1.663766490498042e+01
 -2.877105138792948e+00
  9.306885008123492e-02
 -1.006731901346631e+01
  2.812064573144361e-02
 -1.220687748210984e+00
 -4.713200790147063e-01
  7.250318999738099e+00
 -2.843210969286836e-01
  9.197243850493926e-03
 -9.948719448746310e-01
  5.812579510104939e-01
  1.033694393161809e-01
 -1.609654582259943e-01
 -8.529269265811784e-04
  5.781973857173657e-01
  1.764995719266345e-01
  5.305185820636344e-01
  1.066051476280476e-01
  5.427267721597327e-03
 -1.147987971108667e+00
  6.424903624936181e-01
  5.050977156248123e-01
 -1.764995719266346e-01
 -1.825479175932228e+00
  1.983487539084852e-02
 -2.243433012404585e-01
 -2.354700295380935e-01
  2.924452547840688e-01
 -1.051355401231344e-02
 -1.291544306714467e-01
  1.134369079859923e-01
  1.051355401231339e-02
 -6.417070069279793e-02
  6.240094665500888e-02
 -1.983487539084847e-02
 -8.522982428223439e-03
  1.704007245586671e-01
 -2.052120437763108e-01
 -3.922419793827922e-02
  8.522982428223443e-03
  1.767693284150860e-01
 -1.770208501517299e-01
  1.372404862353263e-01
  1.288648819100455e-01
 -9.893108077289121e-02
 -1.758279922802646e-01
  1.759213345755415e-01
 -4.160851672683188e-01
  1.094486276232865e+01
  0.000000000000000e+00
  0.000000000000000e+00
  0.000000000000000e+00
  1.257527696310597e-01
  1.554343565583602e-01
  2.851753267862244e-01
 -4.453459224159976e-01
  2.821706280337522e+01
 -2.440428805148278e-01
  7.894320563327097e-03
 -8.539338719261247e-01
 -2.690393070042892e-01
  1.167871424375182e+01
  4.509271538296707e+00
 -6.936614535378354e+01
  5.130821875191176e-01
 -1.659722772925932e-02
  1.795333090972532e+00
 -1.048930607819617e+00
 -8.293539699595031e-01
  1.291458507361584e+00
  5.157070851034767e-03
 -3.495967580692548e+00
 -1.067173246894005e+00
 -3.207686180642897e+00
 -6.445690507234058e-01
 -3.281500829150757e-02
  6.941104939520962e+00
 -3.884703621408349e+00
 -3.053983436323192e+00
  1.067173246894005e+00
  1.103743492435638e+01
 -1.471010277122133e-01
  1.663793168473761e+00
  1.746312122356973e+00
 -2.168856455137844e+00
  6.344362618003103e-02
  7.793773075610004e-01
 -6.845305380894940e-01
 -6.344362618003116e-02
  3.872355572336770e-01
 -4.627830123602379e-01
  1.471010277122133e-01
  6.320884047213431e-02
 -1.263739812403907e+00
  1.521910369668712e+00
  2.908977099281561e-01
 -6.320884047213439e-02
 -1.310971174028869e+00
  7.645157046081353e-01
 -5.927127055656515e-01
 -1.101743071633566e+00
  8.458210739434739e-01
  1.296554820695416e+00
 -1.297243126359074e+00
  2.634429463141502e-01
 -6.929703627845298e+00
 -9.719688403984597e-16
 -6.759178226015219e-16
  7.508365032414907e-15
 -1.403983523300911e-01
 -1.735367548588104e-01
 -1.157252394110500e-01
  1.807230803349282e-01
 -1.145059211537290e+01
  5.410496195740883e-01
 -1.750192068120796e-02
  1.893194325408670e+00
  2.413160735297944e-01
 -1.047527774494952e+01
 -4.044612343890956e+00
  6.221829077341907e+01
 -7.823656931038853e-01
  2.530803425235098e-02
 -2.737586788702794e+00
  1.599446135467520e+00
  9.161911393251724e-01
 -1.426680143954182e+00
 -7.319354573008913e-03
  4.961775208827822e+00
  1.514623244565105e+00
  4.552621670954004e+00
  9.148273439147615e-01
  4.657385712542195e-02
 -9.851407833697612e+00
  5.513502536121698e+00
  4.334473633624880e+00
 -1.514623244565104e+00
 -1.566526854515994e+01
  1.767374325954039e-01
 -1.998997135092147e+00
 -2.098141160641103e+00
  2.605815387632440e+00
 -9.019165008197404e-02
 -1.107965128063530e+00
  9.731306748860684e-01
  9.019165008197402e-02
 -5.504952345915999e-01
  5.560197826308231e-01
 -1.767374325954039e-01
 -7.594350873083637e-02
  1.518345135900909e+00
 -1.828529246592326e+00
 -3.495047940872833e-01
  7.594350873083652e-02
  1.575092187375708e+00
 -1.445659407798325e+00
  1.120788878185020e+00
  1.183313816726342e+00
 -9.084438913617328e-01
 -1.564918993026332e+00
  1.565749765924533e+00
 -3.256396308821028e-01
  8.565748914768744e+00
  4.859844201992298e-16
  3.379589113007610e-16
 -3.754182516207454e-15
  1.486428019382944e-01
  1.837271524443949e-01
  1.655098659520480e-01
 -2.584695694120040e-01
  1.637660008941823e+01
 -5.157528696739946e-01
  1.668361919050122e-02
 -1.804678112422808e+00
 -2.681093857014374e-01
  1.163834733496771e+01
  4.493685460148882e+00
 -6.912638464008168e+01
  7.838622553754360e-01
 -2.535644518033903e-02
  2.742823430773351e+00
 -1.602505664742407e+00
 -9.722575273779820e-01
  1.513985946362499e+00
  1.148696299175993e-02
 -7.786988269077216e+00
 -2.377043082587867e+00
 -7.144864499744355e+00
 -1.435726024552862e+00
 -7.309280727512377e-02
  1.546075628303634e+01
 -3.851359065890495e+00
 -3.027769410706955e+00
  1.058013109842076e+00
  1.094269452779649e+01
 -1.938545911367347e-01
  2.192601570680900e+00
  2.301347772626931e+00
 -2.858190645462817e+00
  1.419296678612921e-01
  1.743544136125965e+00
 -1.531362530197449e+00
 -1.419296678612922e-01
  8.662842484176431e-01
 -6.098707333413946e-01
  1.938545911367347e-01
  8.329869693313725e-02
 -1.665398049536762e+00
  2.005623733887683e+00
  3.833546066792918e-01
 -8.329869693313738e-02
 -1.727641097318527e+00
  3.208718792937487e+00
 -2.487651183223439e+00
 -8.656217480740684e-01
  6.645479653430021e-01
  1.738490856811887e+00
 -1.739413774288156e+00
 -7.527074675271144e-01
  1.979950399662200e+01
  0.000000000000000e+00
  0.000000000000000e+00
  0.000000000000000e+00
 -1.374951354926635e-01
 -1.699482880409511e-01
  8.885040124068925e-01
 -1.387538127631513e+00
  8.791424490215483e+01
  1.857965432306492e+00
 -6.010162921887364e-02
  6.501232947944902e+00
 -5.600182545435600e-02
  2.430980528058912e+00
  9.386265539628434e-01
 -1.443889670917915e+01
 -1.801963606852141e+00
  5.829007724351790e-02
 -6.305276173691619e+00
  3.683883064706506e+00
  8.482329968337721e-01
 -1.320856666351133e+00
  1.698590612885870e-03
 -1.151471035990553e+00
 -3.514961325639681e-01
 -1.056519445419390e+00
 -2.123024814940927e-01
 -1.080831864750175e-02
  2.286200060827236e+00
 -1.279509492068353e+00
 -1.005894188133302e+00
  3.514961325639701e-01
  3.635413182095165e+00
 -1.542144764378552e+00
  1.744250168523862e+01
  1.830759538765621e+01
 -2.273737090078641e+01
  1.404138951952298e-02
  1.724923529289939e-01
 -1.515007968814456e-01
 -1.404138951952435e-02
  8.570325535143383e-02
  1.638010480733891e+00
 -5.206609116666758e-01
 -2.237263261681650e-01
  4.472979781779338e+00
 -5.386768895299083e+00
 -1.029626163790333e+00
  2.237263261681650e-01
  4.640154166522729e+00
 -1.655847459274822e+01
  1.283743187582841e+01
 -1.809529290616210e+01
  1.389196852993893e+01
 -4.462171463131835e+00
  4.464540308506717e+00
 -1.119687019326177e-01
  2.945267394110957e+00
 -1.214961050498075e-16
 -8.448972782519024e-17
  9.385456290518634e-16
 -2.045303455503230e-02
 -2.528059043991143e-02
  1.321690633121538e-01
 -2.064026859509252e-01
  1.307764876495786e+01
  2.763809137891125e-01
 -8.940394107927923e-03
  9.670883384941753e-01
 -8.330529418794939e-03
  3.616195479559535e-01
  1.396250221775829e-01
 -2.147852375076505e+00
 -2.680503843703185e-01
  8.670917409589283e-03
 -9.379388659638631e-01
  5.479945697654214e-01
  1.261785643019018e-01
 -1.964835115244204e-01
  2.526731754961752e-04
 -1.712866190054429e-01
 -5.228666832125597e-02
 -1.571621326659906e-01
 -3.158097175262955e-02
 -1.607787169975540e-03
  3.400827867565641e-01
 -1.903329289505095e-01
 -1.496313925207509e-01
  5.228666832125623e-02
  5.407844515283210e-01
  7.745070819862830e-02
 -8.760099177990552e-01
 -9.194572785514782e-01
  1.141932663857560e+00
  2.058981163027453e-01
  2.529368656522729e+00
 -2.221555683850454e+00
  3.909531062792995e-01
 -2.386227791152828e+00
  2.436616018734929e-01
 -7.745070819862829e-02
 -3.328032125348949e-02
  6.653763401365945e-01
 -8.013066786744909e-01
 -1.531616331829624e-01
  3.328032125348950e-02
  6.902442996874639e-01
 -1.496196606057681e+00
  1.159969289171299e+00
  9.510382503041096e-01
 -7.301232156067382e-01
 -6.637685529666191e-01
  6.641209296244142e-01
 -4.537387277795474e-01
  1.193531636348448e+01
 -4.859844201992298e-16
 -3.379589113007610e-16
  3.754182516207454e-15
  1.275857076715501e-01
  1.576999253070313e-01
  3.176213066682121e-01
 -4.960154000390271e-01
  3.142747466601649e+01
 -2.100259766197345e-01
  6.793938764221755e-03
 -7.349048455812611e-01
 -2.812870407129275e-01
  1.221037552295097e+01
  4.714551419649209e+00
 -7.252396673738639e+01
  4.913130173326619e-01
 -1.589303669739243e-02
  1.719160281723916e+00
 -1.004426336436083e+00
 -8.429742666408030e-01
  1.312667844579458e+00
  8.531713439785071e-03
 -5.783630757615595e+00
 -1.765501501938406e+00
 -5.306706091213125e+00
 -1.066356967312744e+00
 -5.428822976343985e-02
  1.148316942118162e+01
 -6.426744765335378e+00
 -5.052424579998060e+00
  1.765501501938406e+00
  1.826002290932063e+01
 -8.689843201647755e-02
  9.828688472724577e-01
  1.031616077768494e+00
 -1.281229833342941e+00
  1.056774156873228e-01
  1.298201011945216e+00
 -1.140215693520985e+00
 -1.056774156873228e-01
  6.450144075083709e-01
 -2.733843451905941e-01
  8.689843201647768e-02
  3.733997791880891e-02
 -7.465414068319213e-01
  8.990530307685167e-01
  1.959346270152448e+00
 -4.257441760209275e-01
 -8.830067726367545e+00
  3.025636231995453e+00
 -2.345711182012526e+00
  3.474088954425138e-02
 -2.667098823730426e-02
  8.008296365953612e-01
 -8.012547752518183e-01
 -3.915724952584588e-02
  1.030007209880354e+00
 -3.037402626245186e-17
 -2.112243195629756e-17
  2.346364072629658e-16
 -7.152753973285472e-03
 -8.841027634776498e-03
  4.622163964020812e-02
 -7.218232717790186e-02
  4.573463361297120e+00
  9.665483495498936e-02
 -3.126599102258173e-03
  3.382062909574605e-01
 -2.913319646506749e-03
  1.264641513952382e-01
  4.882910794794780e-02
 -7.511383979977269e-01
 -9.374151530848307e-02
  3.032358782096233e-03
 -3.280122532512534e-01
  1.916424834506564e-01
  4.412666612993259e-02
 -6.871343291187043e-02
  8.836385892323503e-05
 -5.990167578142450e-02
 -1.828548588124814e-02
 -5.496211654324405e-02
 -1.104437195253546e-02
 -5.622689404497412e-04
  1.189324008461378e-01
 -6.656247561381343e-02
 -5.232849602347676e-02
  1.828548588124825e-02
  1.891209895505944e-01
  2.708575391641377e-02
 -3.063547075772677e-01
 -3.215489459390368e-01
  3.993521536696358e-01
 -1.367225668535102e-01
 -1.679577168788266e+00
  1.475180059721554e+00
  1.367225668535101e-01
 -8.345021013096141e-01
  8.521236720391277e-02
 -2.708575391641376e-02
 -1.163866170751394e-02
  2.326927697616974e-01
 -2.802297876282103e-01
 -5.356307776025251e-02
  1.163866170751395e-02
  2.413894937615706e-01
 -3.560712481680199e+00
  2.760544376050216e+00
  3.325933178915731e-01
 -2.553357897757103e-01
 -2.321305008212477e-01
  2.322537325858230e-01
 -7.221260035208669e-02
  1.899507751630090e+00
 -6.074805252490373e-17
 -4.224486391259512e-17
  4.692728145259317e-16
 -1.319088981846730e-02
 -1.630435240019780e-02
  8.524053224814482e-02
 -1.331164371374165e-01
  8.434241064768091e+00
  1.782478864889270e-01
 -5.765978309675105e-03
  6.237096839335560e-01
 -5.372654869239823e-03
  2.332213149328152e-01
  9.004914544538320e-02
 -1.385226429346478e+00
 -1.728752316196875e-01
  5.592183197420972e-03
 -6.049101517966877e-01
  3.534211987685487e-01
  8.137704626080849e-02
 -1.267192085697861e-01
  1.629579224092331e-04
 -1.104688359372416e-01
 -3.372153305391737e-02
 -1.013594520683173e-01
 -2.036769251174860e-02
 -1.036919160021403e-03
  2.193314912363177e-01
 -1.227524789955736e-01
 -9.650260976259054e-02
  3.372153305391743e-02
  3.487711369409117e-01
  4.995071784880947e-02
 -5.649699693451524e-01
 -5.929907183956841e-01
  7.364730113042220e-01
  1.327910222158811e-01
  1.631279855744775e+00
 -1.432760315952776e+00
 -1.327910222158813e-01
  8.105054609816934e-01
  1.571460378975248e-01
 -4.995071784880941e-02
 -2.146366347725960e-02
  4.291248795840592e-01
 -5.167911920725984e-01
 -9.877938759145523e-02
  2.146366347725961e-02
  4.451631116401878e-01
 -9.649504343313045e-01
  7.481054728135560e-01
 -5.043460132495640e+00
  3.871923477888101e+00
 -4.280879604240380e-01
  4.283152206701921e-01
 -7.989407507377168e-02
  2.101564189241391e+00
 -2.429922100996149e-16
 -1.689794556503805e-16
  1.877091258103727e-15
 -4.606930261586790e-02
 -5.694309898858221e-02
  1.269058615601985e-01
 -1.981833723605768e-01
  1.255687406801821e+01
  3.961113431695443e-01
 -1.281344456824035e-02
  1.386038766109692e+00
  3.107330089556025e-02
 -1.348859413184484e+00
 -5.208084754955361e-01
  8.011599236348466e+00
 -4.271846440651067e-01
  1.381860643861659e-02
 -1.494767789842310e+00
  8.733241169743847e-01
  2.925659847124591e-01
 -4.555796964955435e-01
 -9.424838705587546e-04
  6.389078513703019e-01
  1.950319476583501e-01
  5.862227947602354e-01
  1.177986402196285e-01
  5.997128393299475e-03
 -1.268526192158399e+00
  7.099515618141844e-01
  5.581327487697129e-01
 -1.950319476583493e-01
 -2.017153669017453e+00
 -1.135761947082792e-01
  1.284608950704098e+00
  1.348321549583412e+00
 -1.674566567440726e+00
 -1.223930325666554e-02
 -1.503545082926707e-01
  1.320570299741600e-01
  1.223930325666542e-02
 -7.470401208306947e-02
 -3.573131631842870e-01
  1.135761947082793e-01
  4.880332710382306e-02
 -9.757291381742917e-01
  1.175061732486397e+00
  2.246011156878516e-01
 -4.880332710382298e-02
 -1.012196309122601e+00
 -1.720477237171661e+00
  1.333849274725913e+00
 -1.466120189803040e+00
  1.125557659855073e+00
 -3.370769657547614e+00
  3.372559107410545e+00

