 -6.562999086329399e-02
  1.726356283756738e+00
 -1.210664695456414e-16
 -8.419095456989826e-17
  9.352267364474032e-16
 -2.245422579276415e-03
 -2.775412540299546e-03
  6.827940345051356e-02
 -1.066289789315388e-01
  6.755998974569087e+00
  7.169923322541680e-02
 -2.319333102576629e-03
  2.508837943280807e-01
  1.331938239768002e-02
 -5.781804252241959e-01
 -2.232414014974812e-01
  3.434123532757123e+00
 -8.501861562309691e-02
  2.750189655863520e-03
 -2.974898324084442e-01
  1.738096358260237e-01
  7.294422518002093e-02
 -1.135877364597858e-01
 -4.039900079431593e-04
  2.738639843215697e-01
  8.359926418364612e-02
  2.512808536142313e-01
  5.049367430533054e-02
  2.570632795878881e-03
 -5.437460761448962e-01
  3.043164409026264e-01
  2.392402253792820e-01
 -8.359926418364613e-02
 -8.646407139952592e-01
  1.476705094724098e-02
 -1.670234319000860e-01
 -1.753072733868389e-01
  2.177252889961548e-01
 -4.955104096527894e-03
 -6.087129506875398e-02
  5.346352782327733e-02
  4.955104096527902e-03
 -3.024405462772550e-02
  4.645746142855729e-02
 -1.476705094724098e-02
 -6.345354496055210e-03
  1.268632210397252e-01
 -1.527802240104015e-01
 -2.920238811212704e-02
  6.345354496055219e-03
  1.316046421859315e-01
 -2.338612664539131e-02
  1.813076476145858e-02
  1.248135990815082e-01
 -9.582086344445240e-02
 -1.294338538356041e-01
  1.295025667455730e-01
 -6.562999086329396e-02
  1.726356283756738e+00
 -3.644883151494224e-16
 -2.534691834755707e-16
  2.815636887155590e-15
 -2.245422579276416e-03
 -2.775412540299548e-03
  6.827940345051353e-02
 -1.066289789315387e-01
  6.755998974569083e+00
  7.169923322541617e-02
 -2.319333102576609e-03
  2.508837943280785e-01
  1.331938239768003e-02
 -5.781804252241962e-01
 -2.232414014974813e-01
  3.434123532757125e+00
 -8.501861562309695e-02
  2.750189655863521e-03
 -2.974898324084443e-01
  1.738096358260237e-01
  7.294422518002097e-02
 -1.135877364597858e-01
 -4.039900079431606e-04
  2.738639843215707e-01
  8.359926418364641e-02
  2.512808536142321e-01
  5.049367430533071e-02
  2.570632795878890e-03
 -5.437460761448981e-01
  3.043164409026264e-01
  2.392402253792820e-01
 -8.359926418364615e-02
 -8.646407139952593e-01
  1.476705094724096e-02
 -1.670234319000858e-01
 -1.753072733868387e-01
  2.177252889961545e-01
 -4.955104096527909e-03
 -6.087129506875416e-02
  5.346352782327749e-02
  4.955104096527891e-03
 -3.024405462772543e-02
  4.645746142855727e-02
 -1.476705094724098e-02
 -6.345354496055209e-03
  1.268632210397252e-01
 -1.527802240104014e-01
 -2.920238811212705e-02
  6.345354496055220e-03
  1.316046421859315e-01
 -2.338612664539120e-02
  1.813076476145849e-02
  1.248135990815084e-01
 -9.582086344445252e-02
 -1.294338538356041e-01
  1.295025667455729e-01
 -2.114819634137222e+00
  5.562902137240489e+01
  2.122554939426688e-16
  1.476048051521124e-16
 -1.639653106578759e-15
  2.233819795460868e+00
  2.761071136591729e+00
 -1.197084424770135e-01
  1.869434755688802e-01
 -1.184471559140259e+01
 -1.257041377409138e-01
  4.066288503766056e-03
 -4.398531144681821e-01
 -2.335173479858562e-02
  1.013674324563322e+00
  3.913900696132708e-01
 -6.020755287909921e+00
  1.490558725394996e-01
 -4.821672474898278e-03
  5.215634977855796e-01
 -3.047255796150885e-01
 -1.278868757299780e-01
  1.991436704034086e-01
  7.082811533671677e-04
 -4.801423175503414e-01
 -1.465674449675261e-01
 -4.405492445793741e-01
 -8.852624364847542e-02
 -4.506870778360277e-03
  9.533035233014113e-01
 -5.335320070129805e-01
 -4.194394401638276e-01
  1.465674449675261e-01
  1.515900666144541e+00
 -2.588980833955468e-02
  2.928279082639590e-01
  3.073512595528197e-01
 -3.817191410068083e-01
  8.687360517681295e-03
  1.067204391954078e-01
 -9.373303399889134e-02
 -8.687360517681307e-03
  5.302431612922213e-02
 -8.144989657209276e-02
  2.588980833955469e-02
  1.112476772351723e-02
 -2.224184429099368e-01
  2.678565091862533e-01
  5.119805125487940e-02
 -1.112476772351724e-02
 -2.307311713735253e-01
  4.100089712000732e-02
 -3.178712028561233e-02
 -2.188250159043441e-01
  1.679945304157709e-01
  2.269253136882972e-01
 -2.270457821607025e-01
 -5.599331043931984e-02
  1.472869370446991e+00
 -6.906296685063866e-17
 -4.802714679304728e-17
  5.335047213278824e-16
 -1.094643390676257e-02
 -1.353013469125228e-02
  6.749214356900383e-02
 -1.053995493660039e-01
  6.678102468691528e+00
  3.816988910089395e-02
 -1.234722929812303e-03
  1.335607952264633e-01
  1.821237243894122e-02
 -7.905799928773416e-01
 -3.052510564282256e-01
  4.695678441576928e+00
 -5.638226153983538e-02
  1.823858355309673e-03
 -1.972879635049944e-01
  1.152662893116330e-01
  6.772126715775482e-02
 -1.054546186165356e-01
 -5.523992229214169e-04
  3.744702818161864e-01
  1.143101751624160e-01
  3.435910431999141e-01
  6.904296121263515e-02
  3.514976932448282e-03
 -7.434958885697766e-01
  4.161097110611556e-01
  3.271271862982663e-01
 -1.143101751624159e-01
 -1.182273940261417e+00
  1.301944023601053e-02
 -1.472569978532397e-01
 -1.545604858378541e-01
  1.919585297078681e-01
 -6.808321199577166e-03
 -8.363725980100239e-02
  7.345897539033742e-02
  6.808321199577164e-03
 -4.155538093082599e-02
  4.095944036130477e-02
 -1.301944023601054e-02
 -5.594411770694583e-03
  1.118495582073610e-01
 -1.346994063238715e-01
 -2.574642344859368e-02
  5.594411770694595e-03
  1.160298545622215e-01
 -1.126967855456719e-01
  8.737141208049473e-02
  8.551752462521893e-02
 -6.565280634099377e-02
 -1.153645351398094e-01
  1.154257790314324e-01
 -5.599331043931990e-02
  1.472869370446993e+00
 -1.277984279098771e-16
 -8.887243246329748e-17
  9.872304619587876e-16
 -1.094643390676258e-02
 -1.353013469125229e-02
  6.749214356900390e-02
 -1.053995493660040e-01
  6.678102468691534e+00
  1.218933363714361e-01
 -3.943016365892751e-03
  4.265186858558231e-01
  1.821237243894123e-02
 -7.905799928773422e-01
 -3.052510564282258e-01
  4.695678441576931e+00
 -1.401057088103779e-01
  4.532151791390133e-03
 -4.902458541343556e-01
  2.864281198535900e-01
  6.772126715775485e-02
 -1.054546186165357e-01
 -5.523992229214169e-04
  3.744702818161864e-01
  1.143101751624160e-01
  3.435910431999141e-01
  6.904296121263515e-02
  3.514976932448282e-03
 -7.434958885697766e-01
  4.161097110611559e-01
  3.271271862982665e-01
 -1.143101751624160e-01
 -1.182273940261417e+00
  1.301944023601056e-02
 -1.472569978532399e-01
 -1.545604858378543e-01
  1.919585297078684e-01
 -6.808321199577175e-03
 -8.363725980100249e-02
  7.345897539033751e-02
  6.808321199577159e-03
 -4.155538093082595e-02
  4.095944036130478e-02
 -1.301944023601054e-02
 -5.594411770694584e-03
  1.118495582073611e-01
 -1.346994063238715e-01
 -2.574642344859365e-02
  5.594411770694589e-03
  1.160298545622214e-01
 -1.126967855456718e-01
  8.737141208049470e-02
  8.551752462521901e-02
 -6.565280634099384e-02
 -1.153645351398094e-01
  1.154257790314324e-01
 -5.317581183227452e-02
  1.398756813660564e+00
 -3.652872050422828e-16
 -2.540247402943049e-16
  2.821808234103136e-15
 -7.309219226093401e-03
 -9.034423581166334e-03
  6.136893106951704e-02
 -9.583719434229139e-02
  6.072232831919091e+00
  8.126538035463968e-02
 -2.628779671289165e-03
  2.843568341489491e-01
  2.914181543684321e-02
 -1.265015654480635e+00
 -4.884355389807693e-01
  7.513606201167367e+00
 -1.104071957914837e-01
  3.571461680165810e-03
 -3.863273699762738e-01
  2.257133258692700e-01
  4.445365458726382e-02
 -6.922261480564020e-02
 -8.839000111490921e-04
  5.991939751867054e-01
  1.829089558927343e-01
  5.497837692619926e-01
  1.104763939798230e-01
  5.624352860868919e-03
 -1.189675866523835e+00
  6.658216792939313e-01
  5.234397725743033e-01
 -1.829089558927340e-01
 -1.891769404474718e+00
  1.321080537502274e-02
 -1.494214423572947e-01
 -1.568322800411369e-01
  1.947800158897795e-01
 -1.092904787643093e-02
 -1.342585917766947e-01
  1.179199152713917e-01
  1.092904787643088e-02
 -6.670671585596258e-02
  4.156147922445978e-02
 -1.321080537502272e-02
 -5.676640758023029e-03
  1.134935694602874e-01
 -1.366792741329905e-01
 -2.612485507184274e-02
  5.676640758023055e-03
  1.177353095468723e-01
 -2.661037351280025e-01
  2.063045452933989e-01
  4.635588606131400e-02
 -3.558795724836884e-02
 -1.191179223211562e-01
  1.191811587838712e-01
 -5.599331043931990e-02
  1.472869370446992e+00
 -1.277984279098771e-16
 -8.887243246329747e-17
  9.872304619587874e-16
 -1.094643390676257e-02
 -1.353013469125229e-02
  6.749214356900389e-02
 -1.053995493660040e-01
  6.678102468691534e+00
 -1.193057276642379e+00
  3.859312171842975e-02
 -4.174643478734729e+00
  1.821237243894122e-02
 -7.905799928773419e-01
 -3.052510564282257e-01
  4.695678441576930e+00
  1.174844904203437e+00
 -3.800398629293236e-02
  4.110916310456196e+00
 -2.401819453952440e+00
  6.772126715775484e-02
 -1.054546186165356e-01
 -5.523992229214169e-04
  3.744702818161863e-01
  1.143101751624160e-01
  3.435910431999141e-01
  6.904296121263513e-02
  3.514976932448282e-03
 -7.434958885697764e-01
  4.161097110611559e-01
  3.271271862982664e-01
 -1.143101751624160e-01
 -1.182273940261417e+00
  1.301944023601055e-02
 -1.472569978532399e-01
 -1.545604858378543e-01
  1.919585297078684e-01
 -6.808321199577175e-03
 -8.363725980100249e-02
  7.345897539033751e-02
  6.808321199577157e-03
 -4.155538093082595e-02
  4.095944036130476e-02
 -1.301944023601053e-02
 -5.594411770694583e-03
  1.118495582073610e-01
 -1.346994063238714e-01
 -2.574642344859365e-02
  5.594411770694589e-03
  1.160298545622214e-01
 -1.126967855456718e-01
  8.737141208049469e-02
  8.551752462521900e-02
 -6.565280634099382e-02
 -1.153645351398094e-01
  1.154257790314324e-01
  2.634429463141502e-01
 -6.929703627845298e+00
 -9.719688403984597e-16
 -6.759178226015219e-16
  7.508365032414907e-15
 -1.403983523300911e-01
 -1.735367548588104e-01
 -1.157252394110500e-01
  1.807230803349282e-01
 -1.145059211537290e+01
  5.410496195740883e-01
 -1.750192068120796e-02
  1.893194325408670e+00
  2.413160735297944e-01
 -1.047527774494952e+01
 -4.044612343890956e+00
  6.221829077341907e+01
 -7.823656931038853e-01
  2.530803425235098e-02
 -2.737586788702794e+00
  1.599446135467520e+00
 -6.849054721835343e-01
  1.066525308648513e+00
 -7.319354573008913e-03
  4.961775208827822e+00
  1.514623244565105e+00
  4.552621670954004e+00
  9.148273439147615e-01
  4.657385712542195e-02
 -9.851407833697612e+00
  5.513502536121698e+00
  4.334473633624880e+00
 -1.514623244565104e+00
 -1.566526854515994e+01
  1.767374325954039e-01
 -1.998997135092147e+00
 -2.098141160641103e+00
  2.605815387632440e+00
 -9.019165008197404e-02
 -1.107965128063530e+00
  9.731306748860684e-01
  9.019165008197402e-02
 -5.504952345915999e-01
  5.560197826308231e-01
 -1.767374325954039e-01
 -7.594350873083637e-02
  1.518345135900909e+00
 -1.828529246592326e+00
 -3.495047940872833e-01
  7.594350873083652e-02
  1.575092187375708e+00
 -1.445659407798325e+00
  1.120788878185020e+00
  1.183313816726342e+00
 -9.084438913617328e-01
 -1.564918993026332e+00
  1.565749765924533e+00
 -5.901709471433954e-02
  1.552408144035707e+00
 -4.450053634855541e-16
 -3.094616245206446e-16
  3.437623277164179e-15
 -1.459153626914736e-02
 -1.803559522264959e-02
  7.361139671813445e-02
 -1.149557212442234e-01
  7.283580342126934e+00
  1.697596188844996e-01
 -5.491399082633967e-03
  5.940082675017280e-01
  9.118512005793682e-05
 -3.958250459000287e-03
 -1.528321163074016e-03
  2.351017166402457e-02
 -1.698508040045605e-01
  5.494348746917750e-03
 -5.943273346364519e-01
  3.472381451100675e-01
  9.102963072448886e-02
 -1.417500793139810e-01
 -2.765734647197367e-06
  1.874885752531414e-03
  5.723245052769903e-04
  1.720280574652211e-03
  3.456820756571805e-04
  1.759867335576374e-05
 -3.722511281227401e-03
  2.083364706472007e-03
  1.637849865900239e-03
 -5.723245052769494e-04
 -5.919371105857768e-03
  2.037990899527551e-02
 -2.305079297392366e-01
 -2.419404043907075e-01
  3.004812261815031e-01
  5.914409549894248e-05
  7.265594462916294e-04
 -6.381403768098381e-04
 -5.914409549883181e-05
  3.609928712552145e-04
  6.411563415391421e-02
 -2.037990899527542e-02
 -8.757181622409725e-03
  1.750830892961852e-01
 -2.108509730706601e-01
 -4.030202200128903e-02
  8.757181622409745e-03
  1.816266931486533e-01
  2.280610897182949e-01
 -1.768108944085947e-01
  2.415947223150497e-01
 -1.854751010002766e-01
 -1.751006879695411e-01
  1.751936441587558e-01
 -5.901709471433935e-02
  1.552408144035702e+00
 -6.291248023145834e-16
 -4.375003074694863e-16
  4.859928086570423e-15
 -1.459153626914737e-02
 -1.803559522264962e-02
  7.361139671813385e-02
 -1.149557212442225e-01
  7.283580342126875e+00
  1.697596188845014e-01
 -5.491399082634024e-03
  5.940082675017341e-01
  9.118512005795550e-05
 -3.958250459001097e-03
 -1.528321163074329e-03
  2.351017166402938e-02
 -1.698508040045601e-01
  5.494348746917737e-03
 -5.943273346364505e-01
  3.472381451100667e-01
  9.102963072448891e-02
 -1.417500793139811e-01
 -2.765734647198758e-06
  1.874885752532356e-03
  5.723245052772779e-04
  1.720280574653076e-03
  3.456820756573543e-04
  1.759867335577259e-05
 -3.722511281229272e-03
  2.083364706470167e-03
  1.637849865898793e-03
 -5.723245052764442e-04
 -5.919371105852542e-03
  2.037990899527541e-02
 -2.305079297392355e-01
 -2.419404043907063e-01
  3.004812261815016e-01
  5.914409549874447e-05
  7.265594462891970e-04
 -6.381403768077017e-04
 -5.914409549887269e-05
  3.609928712554640e-04
  6.411563415391423e-02
 -2.037990899527542e-02
 -8.757181622409729e-03
  1.750830892961852e-01
 -2.108509730706602e-01
 -4.030202200128914e-02
  8.757181622409767e-03
  1.816266931486538e-01
  2.280610897182938e-01
 -1.768108944085938e-01
  2.415947223150494e-01
 -1.854751010002764e-01
 -1.751006879695408e-01
  1.751936441587555e-01
 -5.614107264529754e-02
  1.476756163808317e+00
  7.894053095539962e-17
  5.489611351790647e-17
 -6.098079461300480e-16
 -1.025514522318804e-02
 -1.267568025623088e-02
  6.626952761615434e-02
 -1.034902431317713e-01
  6.557129060806829e+00
  1.385773050056968e-01
 -4.482710850687795e-03
  4.848977949078596e-01
 -4.176924883489372e-03
  1.813159299102381e-01
  7.000794309368939e-02
 -1.076932518991881e+00
 -1.344003801222076e-01
  4.347595317181388e-03
 -4.702822583637163e-01
  2.747643084131078e-01
  6.326589325841628e-02
 -9.851677213096506e-02
  1.266902523312758e-04
 -8.588305798649823e-02
 -2.621651938387863e-02
 -7.880104488842815e-02
 -1.583468950493360e-02
 -8.061439915780547e-04
  1.705174044815246e-01
 -9.543287192373909e-02
 -7.502513410024061e-02
  2.621651938387886e-02
  2.711491573508599e-01
  3.883376122396816e-02
 -4.392311028375979e-01
 -4.610155961303407e-01
  5.725646857659049e-01
  1.753383654611752e-03
  2.153955431196486e-02
 -1.891828586787942e-02
 -1.753383654611816e-03
  1.070198122994007e-02
  1.221718520938250e-01
 -3.883376122396816e-02
 -1.668674282100177e-02
  3.336194919054332e-01
 -4.017749217607191e-01
 -7.679519568041200e-02
  1.668674282100175e-02
  3.460882791610520e-01
  4.964925934140622e-01
 -3.849201089814006e-01
  4.768502856352746e-01
 -3.660835553140884e-01
 -3.328133479138547e-01
  3.329900294614865e-01
 -3.915724952584593e-02
  1.030007209880356e+00
 -5.271633892008122e-17
 -3.665952192847851e-17
  4.072286058287698e-16
 -7.152753973285481e-03
 -8.841027634776510e-03
  4.622163964020818e-02
 -7.218232717790195e-02
  4.573463361297126e+00
  9.665483495498972e-02
 -3.126599102258185e-03
  3.382062909574618e-01
 -2.913319646506752e-03
  1.264641513952383e-01
  4.882910794794784e-02
 -7.511383979977275e-01
 -9.374151530848319e-02
  3.032358782096237e-03
 -3.280122532512538e-01
  1.916424834506566e-01
  4.412666612993265e-02
 -6.871343291187053e-02
  8.836385892323512e-05
 -5.990167578142457e-02
 -1.828548588124815e-02
 -5.496211654324410e-02
 -1.104437195253547e-02
 -5.622689404497417e-04
  1.189324008461380e-01
 -6.656247561381332e-02
 -5.232849602347668e-02
  1.828548588124822e-02
  1.891209895505941e-01
  2.708575391641380e-02
 -3.063547075772681e-01
 -3.215489459390372e-01
  3.993521536696362e-01
 -1.367225668535104e-01
 -1.679577168788268e+00
  1.475180059721556e+00
  1.367225668535103e-01
 -8.345021013096154e-01
  8.521236720391290e-02
 -2.708575391641380e-02
 -1.163866170751396e-02
  2.326927697616977e-01
 -2.802297876282108e-01
 -5.356307776025254e-02
  1.163866170751396e-02
  2.413894937615707e-01
  2.040893992908781e+00
 -1.582261545470386e+00
  3.325933178915732e-01
 -2.553357897757104e-01
 -2.321305008212480e-01
  2.322537325858234e-01
 -7.221260035208669e-02
  1.899507751630090e+00
 -7.835716166091462e-17
 -5.449043209386077e-17
  6.053014749041801e-16
 -1.319088981846730e-02
 -1.630435240019780e-02
  8.524053224814478e-02
 -1.331164371374164e-01
  8.434241064768088e+00
  1.782478864889267e-01
 -5.765978309675097e-03
  6.237096839335551e-01
 -5.372654869239816e-03
  2.332213149328149e-01
  9.004914544538309e-02
 -1.385226429346476e+00
 -1.728752316196875e-01
  5.592183197420972e-03
 -6.049101517966877e-01
  3.534211987685487e-01
  8.137704626080849e-02
 -1.267192085697861e-01
  1.629579224092323e-04
 -1.104688359372410e-01
 -3.372153305391719e-02
 -1.013594520683167e-01
 -2.036769251174849e-02
 -1.036919160021398e-03
  2.193314912363166e-01
 -1.227524789955733e-01
 -9.650260976259031e-02
  3.372153305391735e-02
  3.487711369409109e-01
  4.995071784880943e-02
 -5.649699693451521e-01
 -5.929907183956837e-01
  7.364730113042216e-01
  1.327910222158811e-01
  1.631279855744775e+00
 -1.432760315952776e+00
 -1.327910222158812e-01
  8.105054609816926e-01
  1.571460378975248e-01
 -4.995071784880942e-02
 -2.146366347725960e-02
  4.291248795840593e-01
 -5.167911920725985e-01
 -9.877938759145520e-02
  2.146366347725961e-02
  4.451631116401877e-01
 -9.649504343313045e-01
  7.481054728135560e-01
  6.133584109074335e-01
 -4.708824436324980e-01
 -4.280879604240380e-01
  4.283152206701921e-01
 -7.989407507377175e-02
  2.101564189241393e+00
 -8.221716139700085e-16
 -5.717471836767616e-16
  6.351195985301179e-15
 -4.606930261586797e-02
 -5.694309898858230e-02
  1.269058615601985e-01
 -1.981833723605769e-01
  1.255687406801822e+01
  3.961113431695456e-01
 -1.281344456824040e-02
  1.386038766109697e+00
  3.107330089556030e-02
 -1.348859413184486e+00
 -5.208084754955370e-01
  8.011599236348479e+00
 -4.271846440651074e-01
  1.381860643861661e-02
 -1.494767789842313e+00
  8.733241169743862e-01
  2.925659847124595e-01
 -4.555796964955441e-01
 -9.424838705587563e-04
  6.389078513703031e-01
  1.950319476583504e-01
  5.862227947602365e-01
  1.177986402196287e-01
  5.997128393299486e-03
 -1.268526192158401e+00
  7.099515618141866e-01
  5.581327487697145e-01
 -1.950319476583499e-01
 -2.017153669017460e+00
 -1.135761947082794e-01
  1.284608950704100e+00
  1.348321549583415e+00
 -1.674566567440728e+00
 -1.223930325666559e-02
 -1.503545082926712e-01
  1.320570299741605e-01
  1.223930325666538e-02
 -7.470401208306927e-02
 -3.573131631842875e-01
  1.135761947082795e-01
  4.880332710382315e-02
 -9.757291381742933e-01
  1.175061732486399e+00
  2.246011156878522e-01
 -4.880332710382310e-02
 -1.012196309122603e+00
 -1.720477237171663e+00
  1.333849274725915e+00
 -1.466120189803041e+00
  1.125557659855074e+00
  9.697320097809938e-01
 -9.702468141100575e-01
 -5.614107264529747e-02
  1.476756163808315e+00
 -5.525702052143398e-16
 -3.842633985980860e-16
  4.268551248088193e-15
 -1.025514522318800e-02
 -1.267568025623084e-02
  6.626952761615419e-02
 -1.034902431317710e-01
  6.557129060806814e+00
  1.385773050056957e-01
 -4.482710850687756e-03
  4.848977949078555e-01
 -4.176924883489389e-03
  1.813159299102389e-01
  7.000794309368967e-02
 -1.076932518991885e+00
 -1.344003801222074e-01
  4.347595317181381e-03
 -4.702822583637155e-01
  2.747643084131073e-01
  6.326589325841611e-02
 -9.851677213096480e-02
  1.266902523312751e-04
 -8.588305798649780e-02
 -2.621651938387849e-02
 -7.880104488842775e-02
 -1.583468950493351e-02
 -8.061439915780506e-04
  1.705174044815237e-01
 -9.543287192373902e-02
 -7.502513410024056e-02
  2.621651938387884e-02
  2.711491573508596e-01
  3.883376122396804e-02
 -4.392311028375965e-01
 -4.610155961303392e-01
  5.725646857659030e-01
  1.753383654611768e-03
  2.153955431196506e-02
 -1.891828586787959e-02
 -1.753383654611779e-03
  1.070198122993984e-02
  1.221718520938246e-01
 -3.883376122396801e-02
 -1.668674282100171e-02
  3.336194919054318e-01
 -4.017749217607175e-01
 -7.679519568041206e-02
  1.668674282100176e-02
  3.460882791610523e-01
  4.964925934140605e-01
 -3.849201089813993e-01
  4.768502856352732e-01
 -3.660835553140873e-01
 -3.328133479138541e-01
  3.329900294614859e-01
 -3.915724952584589e-02
  1.030007209880355e+00
 -3.037402626245187e-17
 -2.112243195629757e-17
  2.346364072629659e-16
 -7.152753973285473e-03
 -8.841027634776502e-03
  4.622163964020814e-02
 -7.218232717790188e-02
  4.573463361297121e+00
  9.665483495498937e-02
 -3.126599102258174e-03
  3.382062909574606e-01
 -2.913319646506750e-03
  1.264641513952382e-01
  4.882910794794781e-02
 -7.511383979977270e-01
 -9.374151530848308e-02
  3.032358782096234e-03
 -3.280122532512535e-01
  1.916424834506564e-01
  4.412666612993259e-02
 -6.871343291187045e-02
  8.836385892323505e-05
 -5.990167578142452e-02
 -1.828548588124814e-02
 -5.496211654324406e-02
 -1.104437195253546e-02
 -5.622689404497413e-04
  1.189324008461379e-01
 -6.656247561381344e-02
 -5.232849602347678e-02
  1.828548588124825e-02
  1.891209895505944e-01
  2.708575391641378e-02
 -3.063547075772678e-01
 -3.215489459390369e-01
  3.993521536696359e-01
 -1.367225668535102e-01
 -1.679577168788267e+00
  1.475180059721555e+00
  1.367225668535101e-01
 -8.345021013096143e-01
  8.521236720391279e-02
 -2.708575391641376e-02
 -1.163866170751394e-02
  2.326927697616974e-01
 -2.802297876282104e-01
 -5.356307776025252e-02
  1.163866170751395e-02
  2.413894937615707e-01
  2.040893992908779e+00
 -1.582261545470384e+00
  3.325933178915731e-01
 -2.553357897757103e-01
 -2.321305008212477e-01
  2.322537325858231e-01
 -7.221260035208672e-02
  1.899507751630091e+00
 -6.074805252490374e-17
 -4.224486391259513e-17
  4.692728145259318e-16
 -1.319088981846730e-02
 -1.630435240019781e-02
  8.524053224814483e-02
 -1.331164371374165e-01
  8.434241064768093e+00
  1.782478864889270e-01
 -5.765978309675106e-03
  6.237096839335561e-01
 -5.372654869239823e-03
  2.332213149328153e-01
  9.004914544538321e-02
 -1.385226429346478e+00
 -1.728752316196875e-01
  5.592183197420973e-03
 -6.049101517966879e-01
  3.534211987685488e-01
  8.137704626080852e-02
 -1.267192085697861e-01
  1.629579224092332e-04
 -1.104688359372416e-01
 -3.372153305391738e-02
 -1.013594520683173e-01
 -2.036769251174861e-02
 -1.036919160021403e-03
  2.193314912363178e-01
 -1.227524789955736e-01
 -9.650260976259055e-02
  3.372153305391744e-02
  3.487711369409118e-01
  4.995071784880947e-02
 -5.649699693451526e-01
 -5.929907183956842e-01
  7.364730113042223e-01
  1.327910222158812e-01
  1.631279855744775e+00
 -1.432760315952776e+00
 -1.327910222158813e-01
  8.105054609816935e-01
  1.571460378975248e-01
 -4.995071784880942e-02
 -2.146366347725960e-02
  4.291248795840593e-01
 -5.167911920725985e-01
 -9.877938759145524e-02
  2.146366347725962e-02
  4.451631116401878e-01
 -9.649504343313047e-01
  7.481054728135561e-01
  6.133584109074337e-01
 -4.708824436324981e-01
 -4.280879604240381e-01
  4.283152206701922e-01
 -7.989407507377171e-02
  2.101564189241392e+00
 -2.429922100996150e-16
 -1.689794556503805e-16
  1.877091258103727e-15
 -4.606930261586790e-02
 -5.694309898858222e-02
  1.269058615601985e-01
 -1.981833723605768e-01
  1.255687406801822e+01
  3.961113431695444e-01
 -1.281344456824036e-02
  1.386038766109692e+00
  3.107330089556026e-02
 -1.348859413184484e+00
 -5.208084754955363e-01
  8.011599236348468e+00
 -4.271846440651068e-01
  1.381860643861659e-02
 -1.494767789842310e+00
  8.733241169743848e-01
  2.925659847124591e-01
 -4.555796964955436e-01
 -9.424838705587548e-04
  6.389078513703020e-01
  1.950319476583501e-01
  5.862227947602355e-01
  1.177986402196285e-01
  5.997128393299475e-03
 -1.268526192158399e+00
  7.099515618141845e-01
  5.581327487697130e-01
 -1.950319476583494e-01
 -2.017153669017454e+00
 -1.135761947082792e-01
  1.284608950704098e+00
  1.348321549583413e+00
 -1.674566567440726e+00
 -1.223930325666554e-02
 -1.503545082926707e-01
  1.320570299741600e-01
  1.223930325666542e-02
 -7.470401208306948e-02
 -3.573131631842870e-01
  1.135761947082793e-01
  4.880332710382308e-02
 -9.757291381742919e-01
  1.175061732486397e+00
  2.246011156878516e-01
 -4.880332710382299e-02
 -1.012196309122601e+00
 -1.720477237171661e+00
  1.333849274725914e+00
 -1.466120189803040e+00
  1.125557659855073e+00
  9.697320097809909e-01
 -9.702468141100546e-01

