  2.064766601741604e+00
 -3.243117864604849e+00
  4.526187986505130e-02
  3.835913415348787e+00
  1.085942257087894e-01
 -4.007788327680115e+00
  2.488888191544490e-01
  2.932865079575773e-01
  6.917735486305919e-01
  1.950051273757915e+00
 -2.112700907082199e-01
 -1.388418686485358e-01
  1.388418686485359e-01
  2.112700907082196e-01
 -2.778399764302522e-01
  1.853729083951432e-01
 -8.966950849470189e-02
  1.811724095414050e-01
  1.126855265692306e+00
 -4.163336342344337e-17
  1.894766690037052e-04
 -1.586541641144903e-01
  1.905962691597292e-03
 -7.034163168916133e-02
  1.216590263953205e-02
  8.572611186922352e-03
  1.214147958713281e-02
  3.422580666905109e-02
 -6.646223855824862e-03
 -2.422200578796146e-03
  2.422200578796149e-03
  6.646223855824858e-03
 -8.740407472077230e-03
  7.855710155509259e-04
 -4.151732924528299e-03
  5.611096068657341e-03
  7.451950782547863e-01
  4.440892098500626e-16
 -7.711468938504825e-03
  2.076416751264441e+00
 -2.404216709307255e+00
  7.892487273196768e-01
 -2.162218824911081e-01
 -6.456165016724152e-02
 -1.362300970535910e-01
 -3.840211508656282e-01
  4.744286621830862e-02
  2.731285642123834e-02
 -2.731285642123823e-02
 -4.744286621830846e-02
  6.239181697556573e-02
 -3.160180047541074e-02
  2.278045175416249e-02
 -4.050867981545535e-02
  2.065724267751717e+00
  0.000000000000000e+00
  5.639433309755372e-02
  3.521550783179333e+00
  2.046003130016134e-01
 -7.550997679070808e+00
  3.901912227282464e-01
  5.179912092737528e-01
  8.236910345470789e-01
  2.321915537651238e+00
 -3.518496708855650e-01
 -1.648183526396902e-01
  1.648183526396905e-01
  3.518496708855648e-01
 -4.627153040836647e-01
  1.364815090235756e-01
 -1.947637286188732e-01
  2.987108219436280e-01
 -1.307906482083791e+00
  1.776356839400250e-15
 -6.296220330478733e-02
 -1.429058790163488e+00
 -1.835172143664850e-01
  6.772902931677961e+00
 -5.949772450470471e-01
 -5.722272676986363e-01
 -1.169052532844087e+00
 -3.295460465748302e+00
  4.227367303885232e-01
  2.343062665772593e-01
 -2.343062665772592e-01
 -4.227367303885229e-01
  5.559384331857982e-01
 -2.580794303127837e-01
  2.091836263877176e-01
 -3.605387379080245e-01
  1.616692304777791e+00
 -8.881784197001252e-16
  6.665945974514315e-02
  2.043835294714200e+00
  2.038931219530331e-01
 -7.524898022192637e+00
  5.961153579592275e-01
  6.072447598660693e-01
  1.834705921984425e+00
  2.301985254906808e+00
 -4.636791132727949e-01
 -3.687149593438496e-01
  3.687149593438500e-01
  4.636791132727943e-01
 -6.097815051390101e-01
  5.728211732640374e-01
 -1.530227178815110e-01
  4.005276325309775e-01
  3.736941867927740e+00
  0.000000000000000e+00
 -6.166024408858348e-02
  1.097188889379268e+01
  4.258853899158788e-02
 -1.571776476598004e+00
 -1.370365996272751e+00
 -5.297825195160993e-01
  2.713001041898013e-01
  7.647721061223933e-01
 -3.688642671253346e+00
 -3.647771775864240e-02
  3.647771775864595e-02
 -1.245364313642303e+00
  1.637770828750784e+00
 -2.956022467458892e+00
 -3.198846271507976e+00
 -1.028031274983500e+00
  5.558873110747347e-01
  2.220446049250313e-16
 -9.172245247053240e-03
  1.632118997334932e+00
  6.335241290698151e-03
 -2.338089887577238e-01
 -2.038482523354680e-01
 -7.880758937026558e-02
  4.035713980640387e-02
  1.137633724800449e-01
  1.852536764247144e-01
 -5.348967324839818e-01
 -1.015645712832934e+00
 -1.852536764247141e-01
  2.436259525374339e-01
 -2.671013418820117e-01
  1.681224601791763e-01
 -1.529243861286523e-01
  2.252661654215060e+00
  8.881784197001252e-16
  5.721632150151380e-02
  3.922217163234321e+00
  2.139145287504209e-01
 -7.894748968938391e+00
  3.736360989304319e-01
  5.264980642526448e-01
  1.362691355746201e+00
  3.841311971630171e+00
 -2.078516049886898e-01
 -2.745362869924749e-01
  2.745362869924749e-01
  2.078516049886899e-01
 -3.116626478162013e+00
  5.401372348666211e-01
  6.141418409958696e-03
  1.845016309113038e-01
  1.944027015790912e-01
  5.551115123125783e-17
 -3.207681161359346e-03
  5.707781704299625e-01
  2.215535410739919e-03
 -8.176675049498672e-02
 -7.128900080409196e-02
 -2.756027700811396e-02
  1.411353857169664e-02
  3.978487457846630e-02
  6.478617960319211e-02
  3.551875829657130e-01
 -3.551875829657128e-01
 -6.478617960319201e-02
  8.519990005976091e-02
 -6.356591627478559e-01
  5.879511872966830e-02
 -5.348010866313389e-02
  3.585115085070223e-01
  1.110223024625157e-16
 -5.915507359863676e-03
  1.052611621348646e+00
  4.085822551864154e-03
 -1.507917370878137e-01
 -1.314689919977027e-01
 -5.082581880185683e-02
  2.602775559501402e-02
  7.337004725258778e-02
  1.194766882933349e-01
 -3.449739374110807e-01
  3.449739374110811e-01
 -1.194766882933347e-01
  1.571230463720966e-01
 -1.722631603467125e-01
 -8.915718426883734e-01
 -9.862637852354700e-02
  3.966474719898864e-01
  4.440892098500626e-16
 -2.065996323511244e-02
  1.567125182966400e+00
 -2.363077410515341e-02
  8.721194889923782e-01
 -3.248674435658206e-01
 -1.827285015841582e-01
 -1.505341960211208e-01
 -4.243431991237711e-01
 -2.716619139243784e-01
  3.179613022901496e-02
 -3.179613022901463e-02
  2.716619139243783e-01
 -3.572608858581308e-01
 -3.071399686815561e-01
 -2.591775179907113e-01
 -7.765852696059853e-01

