1

13 35 32


1000.0
1000.0
1000.0
1000.0
1000.0
1000.0
1000.0
1000.0
1000.0
1000.0
1000.0
1000.0
1000.0


976.7
7608000
3150
25690
77810
3081
195.9
258000
74000
100
8236
80000
271400
133.3
9954
26710
800000
100
1000
74000
1060
2070
1620
360
2030
1860
446
27200
1570
7000
326
240
72
100
180






0	0	0	0	1	0	0	0	0	0	0	0	0	0	1	0	-1	1	0	-1	0	0	0	0	0	0	0	0	0	0	0	0
0	0	0	0	0	0	0	0	-1	1	-1	0	0	0	0	0	1	0	0	0	0	0	0	0	0	0	0	0	0	0	0	0
0	0	0	0	0	0	0	1	0	0	-1	0	0	0	0	0	0	0	0	0	0	1	0	0	0	0	0	-1	0	0	0	0
0	0	0	0	0	0	0	0	0	0	0	1	-1	0	0	0	0	0	0	0	0	0	0	0	0	0	0	0	0	0	0	0
0	0	0	0	0	1	1	-1	0	0	0	0	0	0	0	-1	0	0	0	0	0	0	0	0	0	0	0	0	0	0	0	0
-1	0	0	0	0	0	0	0	0	0	0	0	0	-1	1	-1	0	0	1	0	0	0	0	0	0	1	0	0	0	0	0	-1
0	0	0	0	0	0	0	0	1	-1	0	0	0	0	-1	0	0	-1	0	1	1	0	0	0	0	0	-1	0	0	0	0	0
0	0	0	0	0	0	-1	0	0	0	0	0	0	0	0	1	0	0	0	0	0	0	0	0	1	0	0	0	0	0	-1	0
0	0	0	0	0	0	0	0	0	0	1	-1	0	0	0	0	0	0	0	0	0	0	0	0	0	0	0	0	0	0	0	0
1	-1	0	0	0	0	0	0	0	0	0	0	1	0	-1	1	0	0	0	0	0	0	0	0	0	0	0	0	0	0	0	0
0	1	-1	0	0	0	0	0	0	0	0	0	0	1	0	0	0	0	-1	0	0	0	1	0	0	0	0	0	-1	0	0	0
0	0	1	-1	0	0	0	0	0	0	0	0	0	0	0	0	0	0	0	0	0	0	0	1	0	0	0	0	0	-1	0	0
0	0	0	1	-1	-1	0	0	0	0	0	0	0	0	0	0	0	0	0	0	0	0	0	0	0	0	0	0	0	0	0	0

0.001
0.0025
0.06
0.01
0.3
6.0
1.85
4.85
0.025
0.01
0.8
0.04
0.22



1

4 1 6

7.5
10.0
5.0
6.5

2.0

1	-1	0	0	0	0
0	1	-1	-1	0	0
0	0	1	0	-1	0
0	0	0	1	0	-1




//(Flag for the execution of integration using numerical methods. 0; not executed, 1; explicit Runge-Kutta method, 2; implicit Euler method)

//(Total number of dependent variables) (Total number of independent variables) (Maximum number of fluxes)

//The first dependent variable value
//    :                :
//    :                :
//    :                :
//The last dependent variable value

//The first independent variable value
//    :                :
//    :                :
//    :                :
//The last independent variable value


//(dependent variables) (fluxes: influx 1;efflux -1;)